; FBX 6.1.0 project file
; ----------------------------------------------------

FBXHeaderExtension:  {
	FBXHeaderVersion: 1003
	FBXVersion: 6100
}
CreationTime: "2023-03-28 10:53:49:000"

; Object definitions
;------------------------------------------------------------------

Definitions:  {
	Version: 100
	Count: 63
	ObjectType: "Model" {
		Count: 62
	}
	ObjectType: "Geometry" {
		Count: 0
	}
	ObjectType: "Pose" {
		Count: 1
	}
	ObjectType: "GlobalSettings" {
		Count: 1
	}
}

; Object properties
;------------------------------------------------------------------

Objects:  {
	Model: "Model::Rig", "Limb" {
		Version: 232
		Properties60:  {
			Property: "QuaternionInterpolate", "bool", "",0
			Property: "Lcl Translation", "Lcl Translation", "A+",0.0000,0.0000,0.0000
			Property: "Lcl Rotation", "Lcl Rotation", "A+",-90.0000,0.0000,0.0000
			Property: "Lcl Scaling", "Lcl Scaling", "A+",1.0,1.0,1.0
		}
		MultiLayer: 0
		MultiTake: 1
		Shading: Y
		Culling: "CullingOff"
		TypeFlags: "Skeleton"
	}
	Model: "Model::root", "Limb" {
		Version: 232
		Properties60:  {
			Property: "QuaternionInterpolate", "bool", "",0
			Property: "Lcl Translation", "Lcl Translation", "A+",0.0000,0.0000,0.0000
			Property: "Lcl Rotation", "Lcl Rotation", "A+",0.0000,-0.0000,90.0000
			Property: "Lcl Scaling", "Lcl Scaling", "A+",1.0,1.0,1.0
		}
		MultiLayer: 0
		MultiTake: 1
		Shading: Y
		Culling: "CullingOff"
		TypeFlags: "Skeleton"
	}
	Model: "Model::B-hips", "Limb" {
		Version: 232
		Properties60:  {
			Property: "QuaternionInterpolate", "bool", "",0
			Property: "Lcl Translation", "Lcl Translation", "A+",2.6647,0.0000,97.0331
			Property: "Lcl Rotation", "Lcl Rotation", "A+",-0.0000,-98.3631,0.0000
			Property: "Lcl Scaling", "Lcl Scaling", "A+",1.0,1.0,1.0
		}
		MultiLayer: 0
		MultiTake: 1
		Shading: Y
		Culling: "CullingOff"
		TypeFlags: "Skeleton"
	}
	Model: "Model::B-spine", "Limb" {
		Version: 232
		Properties60:  {
			Property: "QuaternionInterpolate", "bool", "",0
			Property: "Lcl Translation", "Lcl Translation", "A+",13.8031,0.0000,0.0000
			Property: "Lcl Rotation", "Lcl Rotation", "A+",-0.0000,9.1119,-0.0000
			Property: "Lcl Scaling", "Lcl Scaling", "A+",1.0,1.0,1.0
		}
		MultiLayer: 0
		MultiTake: 1
		Shading: Y
		Culling: "CullingOff"
		TypeFlags: "Skeleton"
	}
	Model: "Model::B-chest", "Limb" {
		Version: 232
		Properties60:  {
			Property: "QuaternionInterpolate", "bool", "",0
			Property: "Lcl Translation", "Lcl Translation", "A+",25.5225,0.0000,-0.0000
			Property: "Lcl Rotation", "Lcl Rotation", "A+",0.0000,-0.7489,-0.0000
			Property: "Lcl Scaling", "Lcl Scaling", "A+",1.0,1.0,1.0
		}
		MultiLayer: 0
		MultiTake: 1
		Shading: Y
		Culling: "CullingOff"
		TypeFlags: "Skeleton"
	}
	Model: "Model::B-neck", "Limb" {
		Version: 232
		Properties60:  {
			Property: "QuaternionInterpolate", "bool", "",0
			Property: "Lcl Translation", "Lcl Translation", "A+",26.1115,0.0000,1.4199
			Property: "Lcl Rotation", "Lcl Rotation", "A+",-0.0000,-2.7113,0.0000
			Property: "Lcl Scaling", "Lcl Scaling", "A+",1.0,1.0,1.0
		}
		MultiLayer: 0
		MultiTake: 1
		Shading: Y
		Culling: "CullingOff"
		TypeFlags: "Skeleton"
	}
	Model: "Model::B-head", "Limb" {
		Version: 232
		Properties60:  {
			Property: "QuaternionInterpolate", "bool", "",0
			Property: "Lcl Translation", "Lcl Translation", "A+",4.1294,0.0000,-0.0000
			Property: "Lcl Rotation", "Lcl Rotation", "A+",0.0000,2.7113,-0.0000
			Property: "Lcl Scaling", "Lcl Scaling", "A+",1.0,1.0,1.0
		}
		MultiLayer: 0
		MultiTake: 1
		Shading: Y
		Culling: "CullingOff"
		TypeFlags: "Skeleton"
	}
	Model: "Model::B-jaw", "Limb" {
		Version: 232
		Properties60:  {
			Property: "QuaternionInterpolate", "bool", "",0
			Property: "Lcl Translation", "Lcl Translation", "A+",3.7716,0.0000,3.8019
			Property: "Lcl Rotation", "Lcl Rotation", "A+",0.0001,-110.7930,-0.0000
			Property: "Lcl Scaling", "Lcl Scaling", "A+",1.0,1.0,1.0
		}
		MultiLayer: 0
		MultiTake: 1
		Shading: Y
		Culling: "CullingOff"
		TypeFlags: "Skeleton"
	}
	Model: "Model::B-shoulder.L", "Limb" {
		Version: 232
		Properties60:  {
			Property: "QuaternionInterpolate", "bool", "",0
			Property: "Lcl Translation", "Lcl Translation", "A+",19.4127,-5.0000,0.0000
			Property: "Lcl Rotation", "Lcl Rotation", "A+",-89.2498,-0.0000,-90.5991
			Property: "Lcl Scaling", "Lcl Scaling", "A+",1.0,1.0,1.0
		}
		MultiLayer: 0
		MultiTake: 1
		Shading: Y
		Culling: "CullingOff"
		TypeFlags: "Skeleton"
	}
	Model: "Model::B-upper_arm.L", "Limb" {
		Version: 232
		Properties60:  {
			Property: "QuaternionInterpolate", "bool", "",0
			Property: "Lcl Translation", "Lcl Translation", "A+",18.5850,-0.0554,-4.2281
			Property: "Lcl Rotation", "Lcl Rotation", "A+",88.4284,4.6995,1.9581
			Property: "Lcl Scaling", "Lcl Scaling", "A+",1.0,1.0,1.0
		}
		MultiLayer: 0
		MultiTake: 1
		Shading: Y
		Culling: "CullingOff"
		TypeFlags: "Skeleton"
	}
	Model: "Model::B-forearm.L", "Limb" {
		Version: 232
		Properties60:  {
			Property: "QuaternionInterpolate", "bool", "",0
			Property: "Lcl Translation", "Lcl Translation", "A+",25.6006,-0.0000,0.0000
			Property: "Lcl Rotation", "Lcl Rotation", "A+",-0.4602,-5.7290,6.8877
			Property: "Lcl Scaling", "Lcl Scaling", "A+",1.0,1.0,1.0
		}
		MultiLayer: 0
		MultiTake: 1
		Shading: Y
		Culling: "CullingOff"
		TypeFlags: "Skeleton"
	}
	Model: "Model::B-hand.L", "Limb" {
		Version: 232
		Properties60:  {
			Property: "QuaternionInterpolate", "bool", "",0
			Property: "Lcl Translation", "Lcl Translation", "A+",25.5685,0.0000,-0.0000
			Property: "Lcl Rotation", "Lcl Rotation", "A+",91.1751,0.5242,3.1116
			Property: "Lcl Scaling", "Lcl Scaling", "A+",1.0,1.0,1.0
		}
		MultiLayer: 0
		MultiTake: 1
		Shading: Y
		Culling: "CullingOff"
		TypeFlags: "Skeleton"
	}
	Model: "Model::B-palm_01.L", "Limb" {
		Version: 232
		Properties60:  {
			Property: "QuaternionInterpolate", "bool", "",0
			Property: "Lcl Translation", "Lcl Translation", "A+",8.5421,3.3142,-0.9363
			Property: "Lcl Rotation", "Lcl Rotation", "A+",-0.8794,-8.1655,17.9544
			Property: "Lcl Scaling", "Lcl Scaling", "A+",1.0,1.0,1.0
		}
		MultiLayer: 0
		MultiTake: 1
		Shading: Y
		Culling: "CullingOff"
		TypeFlags: "Skeleton"
	}
	Model: "Model::B-f_index_01.L", "Limb" {
		Version: 232
		Properties60:  {
			Property: "QuaternionInterpolate", "bool", "",0
			Property: "Lcl Translation", "Lcl Translation", "A+",7.6536,0.0000,0.0000
			Property: "Lcl Rotation", "Lcl Rotation", "A+",-0.1300,-0.5460,-2.4038
			Property: "Lcl Scaling", "Lcl Scaling", "A+",1.0,1.0,1.0
		}
		MultiLayer: 0
		MultiTake: 1
		Shading: Y
		Culling: "CullingOff"
		TypeFlags: "Skeleton"
	}
	Model: "Model::B-f_index_02.L", "Limb" {
		Version: 232
		Properties60:  {
			Property: "QuaternionInterpolate", "bool", "",0
			Property: "Lcl Translation", "Lcl Translation", "A+",5.7034,-0.0000,0.0000
			Property: "Lcl Rotation", "Lcl Rotation", "A+",1.4977,-9.5374,-3.8084
			Property: "Lcl Scaling", "Lcl Scaling", "A+",1.0,1.0,1.0
		}
		MultiLayer: 0
		MultiTake: 1
		Shading: Y
		Culling: "CullingOff"
		TypeFlags: "Skeleton"
	}
	Model: "Model::B-f_index_03.L", "Limb" {
		Version: 232
		Properties60:  {
			Property: "QuaternionInterpolate", "bool", "",0
			Property: "Lcl Translation", "Lcl Translation", "A+",3.8575,0.0000,-0.0000
			Property: "Lcl Rotation", "Lcl Rotation", "A+",-3.2025,-10.3147,-3.7100
			Property: "Lcl Scaling", "Lcl Scaling", "A+",1.0,1.0,1.0
		}
		MultiLayer: 0
		MultiTake: 1
		Shading: Y
		Culling: "CullingOff"
		TypeFlags: "Skeleton"
	}
	Model: "Model::B-thumb_01.L", "Limb" {
		Version: 232
		Properties60:  {
			Property: "QuaternionInterpolate", "bool", "",0
			Property: "Lcl Translation", "Lcl Translation", "A+",-1.7027,0.5571,2.9934
			Property: "Lcl Rotation", "Lcl Rotation", "A+",38.6244,-35.9200,55.2838
			Property: "Lcl Scaling", "Lcl Scaling", "A+",1.0,1.0,1.0
		}
		MultiLayer: 0
		MultiTake: 1
		Shading: Y
		Culling: "CullingOff"
		TypeFlags: "Skeleton"
	}
	Model: "Model::B-thumb_02.L", "Limb" {
		Version: 232
		Properties60:  {
			Property: "QuaternionInterpolate", "bool", "",0
			Property: "Lcl Translation", "Lcl Translation", "A+",6.1649,0.0000,-0.0000
			Property: "Lcl Rotation", "Lcl Rotation", "A+",13.7226,-24.9339,-2.1724
			Property: "Lcl Scaling", "Lcl Scaling", "A+",1.0,1.0,1.0
		}
		MultiLayer: 0
		MultiTake: 1
		Shading: Y
		Culling: "CullingOff"
		TypeFlags: "Skeleton"
	}
	Model: "Model::B-thumb_03.L", "Limb" {
		Version: 232
		Properties60:  {
			Property: "QuaternionInterpolate", "bool", "",0
			Property: "Lcl Translation", "Lcl Translation", "A+",5.1270,0.0000,0.0000
			Property: "Lcl Rotation", "Lcl Rotation", "A+",-5.0470,-9.0240,-10.7571
			Property: "Lcl Scaling", "Lcl Scaling", "A+",1.0,1.0,1.0
		}
		MultiLayer: 0
		MultiTake: 1
		Shading: Y
		Culling: "CullingOff"
		TypeFlags: "Skeleton"
	}
	Model: "Model::B-palm_02.L", "Limb" {
		Version: 232
		Properties60:  {
			Property: "QuaternionInterpolate", "bool", "",0
			Property: "Lcl Translation", "Lcl Translation", "A+",9.9750,0.7497,-1.2207
			Property: "Lcl Rotation", "Lcl Rotation", "A+",-0.1496,-10.7978,7.0887
			Property: "Lcl Scaling", "Lcl Scaling", "A+",1.0,1.0,1.0
		}
		MultiLayer: 0
		MultiTake: 1
		Shading: Y
		Culling: "CullingOff"
		TypeFlags: "Skeleton"
	}
	Model: "Model::B-f_middle_01.L", "Limb" {
		Version: 232
		Properties60:  {
			Property: "QuaternionInterpolate", "bool", "",0
			Property: "Lcl Translation", "Lcl Translation", "A+",6.8863,0.0000,0.0000
			Property: "Lcl Rotation", "Lcl Rotation", "A+",-2.0059,2.8579,-9.7537
			Property: "Lcl Scaling", "Lcl Scaling", "A+",1.0,1.0,1.0
		}
		MultiLayer: 0
		MultiTake: 1
		Shading: Y
		Culling: "CullingOff"
		TypeFlags: "Skeleton"
	}
	Model: "Model::B-f_middle_02.L", "Limb" {
		Version: 232
		Properties60:  {
			Property: "QuaternionInterpolate", "bool", "",0
			Property: "Lcl Translation", "Lcl Translation", "A+",4.5583,0.0000,0.0000
			Property: "Lcl Rotation", "Lcl Rotation", "A+",-0.0192,-11.6256,-0.4142
			Property: "Lcl Scaling", "Lcl Scaling", "A+",1.0,1.0,1.0
		}
		MultiLayer: 0
		MultiTake: 1
		Shading: Y
		Culling: "CullingOff"
		TypeFlags: "Skeleton"
	}
	Model: "Model::B-f_middle_03.L", "Limb" {
		Version: 232
		Properties60:  {
			Property: "QuaternionInterpolate", "bool", "",0
			Property: "Lcl Translation", "Lcl Translation", "A+",4.1728,-0.0000,0.0000
			Property: "Lcl Rotation", "Lcl Rotation", "A+",0.7581,-11.6472,1.7168
			Property: "Lcl Scaling", "Lcl Scaling", "A+",1.0,1.0,1.0
		}
		MultiLayer: 0
		MultiTake: 1
		Shading: Y
		Culling: "CullingOff"
		TypeFlags: "Skeleton"
	}
	Model: "Model::B-palm_03.L", "Limb" {
		Version: 232
		Properties60:  {
			Property: "QuaternionInterpolate", "bool", "",0
			Property: "Lcl Translation", "Lcl Translation", "A+",9.3783,-2.7021,-1.3825
			Property: "Lcl Rotation", "Lcl Rotation", "A+",-3.0532,-18.1306,-2.7407
			Property: "Lcl Scaling", "Lcl Scaling", "A+",1.0,1.0,1.0
		}
		MultiLayer: 0
		MultiTake: 1
		Shading: Y
		Culling: "CullingOff"
		TypeFlags: "Skeleton"
	}
	Model: "Model::B-f_ring_01.L", "Limb" {
		Version: 232
		Properties60:  {
			Property: "QuaternionInterpolate", "bool", "",0
			Property: "Lcl Translation", "Lcl Translation", "A+",6.2217,0.0000,0.0000
			Property: "Lcl Rotation", "Lcl Rotation", "A+",-0.0558,7.2477,-4.0188
			Property: "Lcl Scaling", "Lcl Scaling", "A+",1.0,1.0,1.0
		}
		MultiLayer: 0
		MultiTake: 1
		Shading: Y
		Culling: "CullingOff"
		TypeFlags: "Skeleton"
	}
	Model: "Model::B-f_ring_02.L", "Limb" {
		Version: 232
		Properties60:  {
			Property: "QuaternionInterpolate", "bool", "",0
			Property: "Lcl Translation", "Lcl Translation", "A+",5.6131,0.0000,0.0000
			Property: "Lcl Rotation", "Lcl Rotation", "A+",4.2121,-8.3376,-0.0405
			Property: "Lcl Scaling", "Lcl Scaling", "A+",1.0,1.0,1.0
		}
		MultiLayer: 0
		MultiTake: 1
		Shading: Y
		Culling: "CullingOff"
		TypeFlags: "Skeleton"
	}
	Model: "Model::B-f_ring_03.L", "Limb" {
		Version: 232
		Properties60:  {
			Property: "QuaternionInterpolate", "bool", "",0
			Property: "Lcl Translation", "Lcl Translation", "A+",3.9611,0.0000,-0.0000
			Property: "Lcl Rotation", "Lcl Rotation", "A+",-1.1015,-2.0292,4.1204
			Property: "Lcl Scaling", "Lcl Scaling", "A+",1.0,1.0,1.0
		}
		MultiLayer: 0
		MultiTake: 1
		Shading: Y
		Culling: "CullingOff"
		TypeFlags: "Skeleton"
	}
	Model: "Model::B-palm_04.L", "Limb" {
		Version: 232
		Properties60:  {
			Property: "QuaternionInterpolate", "bool", "",0
			Property: "Lcl Translation", "Lcl Translation", "A+",9.3780,-5.2951,-1.3106
			Property: "Lcl Rotation", "Lcl Rotation", "A+",-0.0492,-19.4889,-22.2653
			Property: "Lcl Scaling", "Lcl Scaling", "A+",1.0,1.0,1.0
		}
		MultiLayer: 0
		MultiTake: 1
		Shading: Y
		Culling: "CullingOff"
		TypeFlags: "Skeleton"
	}
	Model: "Model::B-f_pinky_01.L", "Limb" {
		Version: 232
		Properties60:  {
			Property: "QuaternionInterpolate", "bool", "",0
			Property: "Lcl Translation", "Lcl Translation", "A+",5.5157,-0.0000,0.0000
			Property: "Lcl Rotation", "Lcl Rotation", "A+",-2.7179,-1.1180,1.9082
			Property: "Lcl Scaling", "Lcl Scaling", "A+",1.0,1.0,1.0
		}
		MultiLayer: 0
		MultiTake: 1
		Shading: Y
		Culling: "CullingOff"
		TypeFlags: "Skeleton"
	}
	Model: "Model::B-f_pinky_02.L", "Limb" {
		Version: 232
		Properties60:  {
			Property: "QuaternionInterpolate", "bool", "",0
			Property: "Lcl Translation", "Lcl Translation", "A+",5.3162,-0.0000,-0.0000
			Property: "Lcl Rotation", "Lcl Rotation", "A+",3.4567,-3.2011,1.9361
			Property: "Lcl Scaling", "Lcl Scaling", "A+",1.0,1.0,1.0
		}
		MultiLayer: 0
		MultiTake: 1
		Shading: Y
		Culling: "CullingOff"
		TypeFlags: "Skeleton"
	}
	Model: "Model::B-f_pinky_03.L", "Limb" {
		Version: 232
		Properties60:  {
			Property: "QuaternionInterpolate", "bool", "",0
			Property: "Lcl Translation", "Lcl Translation", "A+",3.7572,0.0000,-0.0000
			Property: "Lcl Rotation", "Lcl Rotation", "A+",-3.4197,-14.4678,6.3883
			Property: "Lcl Scaling", "Lcl Scaling", "A+",1.0,1.0,1.0
		}
		MultiLayer: 0
		MultiTake: 1
		Shading: Y
		Culling: "CullingOff"
		TypeFlags: "Skeleton"
	}
	Model: "Model::B-shoulder.R", "Limb" {
		Version: 232
		Properties60:  {
			Property: "QuaternionInterpolate", "bool", "",0
			Property: "Lcl Translation", "Lcl Translation", "A+",19.4127,5.0000,-0.0000
			Property: "Lcl Rotation", "Lcl Rotation", "A+",89.2498,3.6855,90.5992
			Property: "Lcl Scaling", "Lcl Scaling", "A+",1.0,1.0,1.0
		}
		MultiLayer: 0
		MultiTake: 1
		Shading: Y
		Culling: "CullingOff"
		TypeFlags: "Skeleton"
	}
	Model: "Model::B-upper_arm.R", "Limb" {
		Version: 232
		Properties60:  {
			Property: "QuaternionInterpolate", "bool", "",0
			Property: "Lcl Translation", "Lcl Translation", "A+",18.5705,0.8777,-4.2173
			Property: "Lcl Rotation", "Lcl Rotation", "A+",-88.3605,4.6422,2.5643
			Property: "Lcl Scaling", "Lcl Scaling", "A+",1.0,1.0,1.0
		}
		MultiLayer: 0
		MultiTake: 1
		Shading: Y
		Culling: "CullingOff"
		TypeFlags: "Skeleton"
	}
	Model: "Model::B-forearm.R", "Limb" {
		Version: 232
		Properties60:  {
			Property: "QuaternionInterpolate", "bool", "",0
			Property: "Lcl Translation", "Lcl Translation", "A+",25.5902,-0.0000,-0.0000
			Property: "Lcl Rotation", "Lcl Rotation", "A+",0.3597,-4.9006,-6.8927
			Property: "Lcl Scaling", "Lcl Scaling", "A+",1.0,1.0,1.0
		}
		MultiLayer: 0
		MultiTake: 1
		Shading: Y
		Culling: "CullingOff"
		TypeFlags: "Skeleton"
	}
	Model: "Model::B-hand.R", "Limb" {
		Version: 232
		Properties60:  {
			Property: "QuaternionInterpolate", "bool", "",0
			Property: "Lcl Translation", "Lcl Translation", "A+",25.5685,-0.0000,-0.0000
			Property: "Lcl Rotation", "Lcl Rotation", "A+",-91.1751,0.5242,-3.1116
			Property: "Lcl Scaling", "Lcl Scaling", "A+",1.0,1.0,1.0
		}
		MultiLayer: 0
		MultiTake: 1
		Shading: Y
		Culling: "CullingOff"
		TypeFlags: "Skeleton"
	}
	Model: "Model::B-palm_01.R", "Limb" {
		Version: 232
		Properties60:  {
			Property: "QuaternionInterpolate", "bool", "",0
			Property: "Lcl Translation", "Lcl Translation", "A+",8.5421,-3.3142,-0.9363
			Property: "Lcl Rotation", "Lcl Rotation", "A+",0.8794,-8.1654,-17.9544
			Property: "Lcl Scaling", "Lcl Scaling", "A+",1.0,1.0,1.0
		}
		MultiLayer: 0
		MultiTake: 1
		Shading: Y
		Culling: "CullingOff"
		TypeFlags: "Skeleton"
	}
	Model: "Model::B-f_index_01.R", "Limb" {
		Version: 232
		Properties60:  {
			Property: "QuaternionInterpolate", "bool", "",0
			Property: "Lcl Translation", "Lcl Translation", "A+",7.6536,0.0000,-0.0000
			Property: "Lcl Rotation", "Lcl Rotation", "A+",0.1300,-0.5460,2.4038
			Property: "Lcl Scaling", "Lcl Scaling", "A+",1.0,1.0,1.0
		}
		MultiLayer: 0
		MultiTake: 1
		Shading: Y
		Culling: "CullingOff"
		TypeFlags: "Skeleton"
	}
	Model: "Model::B-f_index_02.R", "Limb" {
		Version: 232
		Properties60:  {
			Property: "QuaternionInterpolate", "bool", "",0
			Property: "Lcl Translation", "Lcl Translation", "A+",5.7034,0.0000,-0.0000
			Property: "Lcl Rotation", "Lcl Rotation", "A+",-1.4977,-9.5374,3.8085
			Property: "Lcl Scaling", "Lcl Scaling", "A+",1.0,1.0,1.0
		}
		MultiLayer: 0
		MultiTake: 1
		Shading: Y
		Culling: "CullingOff"
		TypeFlags: "Skeleton"
	}
	Model: "Model::B-f_index_03.R", "Limb" {
		Version: 232
		Properties60:  {
			Property: "QuaternionInterpolate", "bool", "",0
			Property: "Lcl Translation", "Lcl Translation", "A+",3.8575,0.0000,0.0000
			Property: "Lcl Rotation", "Lcl Rotation", "A+",3.2025,-10.3147,3.7100
			Property: "Lcl Scaling", "Lcl Scaling", "A+",1.0,1.0,1.0
		}
		MultiLayer: 0
		MultiTake: 1
		Shading: Y
		Culling: "CullingOff"
		TypeFlags: "Skeleton"
	}
	Model: "Model::B-thumb_01.R", "Limb" {
		Version: 232
		Properties60:  {
			Property: "QuaternionInterpolate", "bool", "",0
			Property: "Lcl Translation", "Lcl Translation", "A+",-1.7027,-0.5571,2.9934
			Property: "Lcl Rotation", "Lcl Rotation", "A+",-38.6244,-35.9200,-55.2838
			Property: "Lcl Scaling", "Lcl Scaling", "A+",1.0,1.0,1.0
		}
		MultiLayer: 0
		MultiTake: 1
		Shading: Y
		Culling: "CullingOff"
		TypeFlags: "Skeleton"
	}
	Model: "Model::B-thumb_02.R", "Limb" {
		Version: 232
		Properties60:  {
			Property: "QuaternionInterpolate", "bool", "",0
			Property: "Lcl Translation", "Lcl Translation", "A+",6.1649,-0.0000,0.0000
			Property: "Lcl Rotation", "Lcl Rotation", "A+",-13.7226,-24.9339,2.1724
			Property: "Lcl Scaling", "Lcl Scaling", "A+",1.0,1.0,1.0
		}
		MultiLayer: 0
		MultiTake: 1
		Shading: Y
		Culling: "CullingOff"
		TypeFlags: "Skeleton"
	}
	Model: "Model::B-thumb_03.R", "Limb" {
		Version: 232
		Properties60:  {
			Property: "QuaternionInterpolate", "bool", "",0
			Property: "Lcl Translation", "Lcl Translation", "A+",5.1270,-0.0000,0.0000
			Property: "Lcl Rotation", "Lcl Rotation", "A+",5.0470,-9.0239,10.7571
			Property: "Lcl Scaling", "Lcl Scaling", "A+",1.0,1.0,1.0
		}
		MultiLayer: 0
		MultiTake: 1
		Shading: Y
		Culling: "CullingOff"
		TypeFlags: "Skeleton"
	}
	Model: "Model::B-palm_02.R", "Limb" {
		Version: 232
		Properties60:  {
			Property: "QuaternionInterpolate", "bool", "",0
			Property: "Lcl Translation", "Lcl Translation", "A+",9.9750,-0.7497,-1.2207
			Property: "Lcl Rotation", "Lcl Rotation", "A+",0.1496,-10.7978,-7.0887
			Property: "Lcl Scaling", "Lcl Scaling", "A+",1.0,1.0,1.0
		}
		MultiLayer: 0
		MultiTake: 1
		Shading: Y
		Culling: "CullingOff"
		TypeFlags: "Skeleton"
	}
	Model: "Model::B-f_middle_01.R", "Limb" {
		Version: 232
		Properties60:  {
			Property: "QuaternionInterpolate", "bool", "",0
			Property: "Lcl Translation", "Lcl Translation", "A+",6.8863,0.0000,0.0000
			Property: "Lcl Rotation", "Lcl Rotation", "A+",2.0059,2.8579,9.7537
			Property: "Lcl Scaling", "Lcl Scaling", "A+",1.0,1.0,1.0
		}
		MultiLayer: 0
		MultiTake: 1
		Shading: Y
		Culling: "CullingOff"
		TypeFlags: "Skeleton"
	}
	Model: "Model::B-f_middle_02.R", "Limb" {
		Version: 232
		Properties60:  {
			Property: "QuaternionInterpolate", "bool", "",0
			Property: "Lcl Translation", "Lcl Translation", "A+",4.5583,0.0000,-0.0000
			Property: "Lcl Rotation", "Lcl Rotation", "A+",0.0192,-11.6256,0.4142
			Property: "Lcl Scaling", "Lcl Scaling", "A+",1.0,1.0,1.0
		}
		MultiLayer: 0
		MultiTake: 1
		Shading: Y
		Culling: "CullingOff"
		TypeFlags: "Skeleton"
	}
	Model: "Model::B-f_middle_03.R", "Limb" {
		Version: 232
		Properties60:  {
			Property: "QuaternionInterpolate", "bool", "",0
			Property: "Lcl Translation", "Lcl Translation", "A+",4.1728,0.0000,0.0000
			Property: "Lcl Rotation", "Lcl Rotation", "A+",-0.7581,-11.6472,-1.7168
			Property: "Lcl Scaling", "Lcl Scaling", "A+",1.0,1.0,1.0
		}
		MultiLayer: 0
		MultiTake: 1
		Shading: Y
		Culling: "CullingOff"
		TypeFlags: "Skeleton"
	}
	Model: "Model::B-palm_03.R", "Limb" {
		Version: 232
		Properties60:  {
			Property: "QuaternionInterpolate", "bool", "",0
			Property: "Lcl Translation", "Lcl Translation", "A+",9.3783,2.7021,-1.3825
			Property: "Lcl Rotation", "Lcl Rotation", "A+",3.0533,-18.1306,2.7407
			Property: "Lcl Scaling", "Lcl Scaling", "A+",1.0,1.0,1.0
		}
		MultiLayer: 0
		MultiTake: 1
		Shading: Y
		Culling: "CullingOff"
		TypeFlags: "Skeleton"
	}
	Model: "Model::B-f_ring_01.R", "Limb" {
		Version: 232
		Properties60:  {
			Property: "QuaternionInterpolate", "bool", "",0
			Property: "Lcl Translation", "Lcl Translation", "A+",6.2217,0.0000,0.0000
			Property: "Lcl Rotation", "Lcl Rotation", "A+",0.0558,7.2477,4.0188
			Property: "Lcl Scaling", "Lcl Scaling", "A+",1.0,1.0,1.0
		}
		MultiLayer: 0
		MultiTake: 1
		Shading: Y
		Culling: "CullingOff"
		TypeFlags: "Skeleton"
	}
	Model: "Model::B-f_ring_02.R", "Limb" {
		Version: 232
		Properties60:  {
			Property: "QuaternionInterpolate", "bool", "",0
			Property: "Lcl Translation", "Lcl Translation", "A+",5.6131,0.0000,-0.0000
			Property: "Lcl Rotation", "Lcl Rotation", "A+",-4.2121,-8.3376,0.0405
			Property: "Lcl Scaling", "Lcl Scaling", "A+",1.0,1.0,1.0
		}
		MultiLayer: 0
		MultiTake: 1
		Shading: Y
		Culling: "CullingOff"
		TypeFlags: "Skeleton"
	}
	Model: "Model::B-f_ring_03.R", "Limb" {
		Version: 232
		Properties60:  {
			Property: "QuaternionInterpolate", "bool", "",0
			Property: "Lcl Translation", "Lcl Translation", "A+",3.9611,0.0000,-0.0000
			Property: "Lcl Rotation", "Lcl Rotation", "A+",1.1015,-2.0292,-4.1204
			Property: "Lcl Scaling", "Lcl Scaling", "A+",1.0,1.0,1.0
		}
		MultiLayer: 0
		MultiTake: 1
		Shading: Y
		Culling: "CullingOff"
		TypeFlags: "Skeleton"
	}
	Model: "Model::B-palm_04.R", "Limb" {
		Version: 232
		Properties60:  {
			Property: "QuaternionInterpolate", "bool", "",0
			Property: "Lcl Translation", "Lcl Translation", "A+",9.3780,5.2951,-1.3106
			Property: "Lcl Rotation", "Lcl Rotation", "A+",0.0492,-19.4889,22.2653
			Property: "Lcl Scaling", "Lcl Scaling", "A+",1.0,1.0,1.0
		}
		MultiLayer: 0
		MultiTake: 1
		Shading: Y
		Culling: "CullingOff"
		TypeFlags: "Skeleton"
	}
	Model: "Model::B-f_pinky_01.R", "Limb" {
		Version: 232
		Properties60:  {
			Property: "QuaternionInterpolate", "bool", "",0
			Property: "Lcl Translation", "Lcl Translation", "A+",5.5157,-0.0000,-0.0000
			Property: "Lcl Rotation", "Lcl Rotation", "A+",2.7179,-1.1180,-1.9082
			Property: "Lcl Scaling", "Lcl Scaling", "A+",1.0,1.0,1.0
		}
		MultiLayer: 0
		MultiTake: 1
		Shading: Y
		Culling: "CullingOff"
		TypeFlags: "Skeleton"
	}
	Model: "Model::B-f_pinky_02.R", "Limb" {
		Version: 232
		Properties60:  {
			Property: "QuaternionInterpolate", "bool", "",0
			Property: "Lcl Translation", "Lcl Translation", "A+",5.3162,0.0000,0.0000
			Property: "Lcl Rotation", "Lcl Rotation", "A+",-3.4567,-3.2011,-1.9361
			Property: "Lcl Scaling", "Lcl Scaling", "A+",1.0,1.0,1.0
		}
		MultiLayer: 0
		MultiTake: 1
		Shading: Y
		Culling: "CullingOff"
		TypeFlags: "Skeleton"
	}
	Model: "Model::B-f_pinky_03.R", "Limb" {
		Version: 232
		Properties60:  {
			Property: "QuaternionInterpolate", "bool", "",0
			Property: "Lcl Translation", "Lcl Translation", "A+",3.7572,0.0000,0.0000
			Property: "Lcl Rotation", "Lcl Rotation", "A+",3.4197,-14.4678,-6.3883
			Property: "Lcl Scaling", "Lcl Scaling", "A+",1.0,1.0,1.0
		}
		MultiLayer: 0
		MultiTake: 1
		Shading: Y
		Culling: "CullingOff"
		TypeFlags: "Skeleton"
	}
	Model: "Model::B-thigh.L", "Limb" {
		Version: 232
		Properties60:  {
			Property: "QuaternionInterpolate", "bool", "",0
			Property: "Lcl Translation", "Lcl Translation", "A+",0.0747,-11.4412,-0.0110
			Property: "Lcl Rotation", "Lcl Rotation", "A+",0.0000,-171.6359,0.0000
			Property: "Lcl Scaling", "Lcl Scaling", "A+",1.0,1.0,1.0
		}
		MultiLayer: 0
		MultiTake: 1
		Shading: Y
		Culling: "CullingOff"
		TypeFlags: "Skeleton"
	}
	Model: "Model::B-shin.L", "Limb" {
		Version: 232
		Properties60:  {
			Property: "QuaternionInterpolate", "bool", "",0
			Property: "Lcl Translation", "Lcl Translation", "A+",43.3886,0.0000,0.0000
			Property: "Lcl Rotation", "Lcl Rotation", "A+",0.2987,-2.7431,-0.2987
			Property: "Lcl Scaling", "Lcl Scaling", "A+",1.0,1.0,1.0
		}
		MultiLayer: 0
		MultiTake: 1
		Shading: Y
		Culling: "CullingOff"
		TypeFlags: "Skeleton"
	}
	Model: "Model::B-foot.L", "Limb" {
		Version: 232
		Properties60:  {
			Property: "QuaternionInterpolate", "bool", "",0
			Property: "Lcl Translation", "Lcl Translation", "A+",42.1902,0.0000,-0.0000
			Property: "Lcl Rotation", "Lcl Rotation", "A+",-1.9875,63.6613,-1.0635
			Property: "Lcl Scaling", "Lcl Scaling", "A+",1.0,1.0,1.0
		}
		MultiLayer: 0
		MultiTake: 1
		Shading: Y
		Culling: "CullingOff"
		TypeFlags: "Skeleton"
	}
	Model: "Model::B-toe.L", "Limb" {
		Version: 232
		Properties60:  {
			Property: "QuaternionInterpolate", "bool", "",0
			Property: "Lcl Translation", "Lcl Translation", "A+",18.3328,0.0000,-0.0000
			Property: "Lcl Rotation", "Lcl Rotation", "A+",-179.2669,29.0690,0.7055
			Property: "Lcl Scaling", "Lcl Scaling", "A+",1.0,1.0,1.0
		}
		MultiLayer: 0
		MultiTake: 1
		Shading: Y
		Culling: "CullingOff"
		TypeFlags: "Skeleton"
	}
	Model: "Model::B-thigh.R", "Limb" {
		Version: 232
		Properties60:  {
			Property: "QuaternionInterpolate", "bool", "",0
			Property: "Lcl Translation", "Lcl Translation", "A+",0.0747,11.4412,-0.0110
			Property: "Lcl Rotation", "Lcl Rotation", "A+",-0.0000,-171.6359,-0.0000
			Property: "Lcl Scaling", "Lcl Scaling", "A+",1.0,1.0,1.0
		}
		MultiLayer: 0
		MultiTake: 1
		Shading: Y
		Culling: "CullingOff"
		TypeFlags: "Skeleton"
	}
	Model: "Model::B-shin.R", "Limb" {
		Version: 232
		Properties60:  {
			Property: "QuaternionInterpolate", "bool", "",0
			Property: "Lcl Translation", "Lcl Translation", "A+",43.3886,0.0000,0.0000
			Property: "Lcl Rotation", "Lcl Rotation", "A+",-0.2987,-2.7431,0.2987
			Property: "Lcl Scaling", "Lcl Scaling", "A+",1.0,1.0,1.0
		}
		MultiLayer: 0
		MultiTake: 1
		Shading: Y
		Culling: "CullingOff"
		TypeFlags: "Skeleton"
	}
	Model: "Model::B-foot.R", "Limb" {
		Version: 232
		Properties60:  {
			Property: "QuaternionInterpolate", "bool", "",0
			Property: "Lcl Translation", "Lcl Translation", "A+",42.1902,0.0000,-0.0000
			Property: "Lcl Rotation", "Lcl Rotation", "A+",1.9875,63.6613,1.0635
			Property: "Lcl Scaling", "Lcl Scaling", "A+",1.0,1.0,1.0
		}
		MultiLayer: 0
		MultiTake: 1
		Shading: Y
		Culling: "CullingOff"
		TypeFlags: "Skeleton"
	}
	Model: "Model::B-toe.R", "Limb" {
		Version: 232
		Properties60:  {
			Property: "QuaternionInterpolate", "bool", "",0
			Property: "Lcl Translation", "Lcl Translation", "A+",18.3328,0.0000,-0.0000
			Property: "Lcl Rotation", "Lcl Rotation", "A+",179.2669,29.0690,-0.7055
			Property: "Lcl Scaling", "Lcl Scaling", "A+",1.0,1.0,1.0
		}
		MultiLayer: 0
		MultiTake: 1
		Shading: Y
		Culling: "CullingOff"
		TypeFlags: "Skeleton"
	}
	Pose: "Pose::BIND_POSES", "BindPose" {
		Type: "BindPose"
		Version: 100
		Properties60:  {
		}
		NbPoseNodes: 62
		PoseNode:  {
			Node: "Model::Rig"
			Matrix: 1.000000000000000,0.000000000000000,0.000000000000000,0.000000000000000,0.000000000000000,0.000000000000000,-1.000000000000000,0.000000000000000,0.000000000000000,1.000000000000000,0.000000000000000,0.000000000000000,0.000000000000000,0.000000000000000,0.000000000000000,1.000000000000000
		}
		PoseNode:  {
			Node: "Model::root"
			Matrix: 0.000000075497901,0.000000000000000,-1.000000000000000,0.000000000000000,-1.000000000000000,0.000000000000000,-0.000000075497901,0.000000000000000,0.000000000000000,1.000000000000000,0.000000000000000,0.000000000000000,0.000000000000000,0.000000000000000,0.000000000000000,1.000000000000000
		}
		PoseNode:  {
			Node: "Model::B-hips"
			Matrix: 0.000000075497901,0.989366292953491,0.145445689558983,0.000000000000000,-1.000000000000000,0.000000074695080,0.000000010980845,0.000000000000000,0.000000000000000,-0.145445823669434,0.989366292953491,0.000000000000000,0.000000000000000,97.033096313476562,-2.664669036865234,1.000000000000000
		}
		PoseNode:  {
			Node: "Model::B-spine"
			Matrix: 0.000000075497901,0.999914646148682,-0.013069659471512,0.000000000000000,-1.000000000000000,0.000000075491457,-0.000000000986732,0.000000000000000,0.000000000000000,0.013069525361061,0.999914646148682,0.000000000000000,0.000000000000000,110.689453125000000,-0.657062530517578,1.000000000000000
		}
		PoseNode:  {
			Node: "Model::B-chest"
			Matrix: 0.000000075497901,1.000000000000000,-0.000000000000018,0.000000000000000,-1.000000000000000,0.000000075497866,0.000000238418579,0.000000000000000,0.000000238418579,-0.000000134110451,1.000000000000000,0.000000000000000,0.000000000000000,136.209777832031250,-0.990633010864258,1.000000000000000
		}
		PoseNode:  {
			Node: "Model::B-neck"
			Matrix: 0.000000075497901,0.998880624771118,0.047303792089224,0.000000000000000,-1.000000000000000,0.000000075413389,0.000000003571309,0.000000000000000,-0.000000000000014,-0.047303926199675,0.998880565166473,0.000000000000000,0.000000000000000,162.321228027343750,0.429274320602417,1.000000000000000
		}
		PoseNode:  {
			Node: "Model::B-head"
			Matrix: 0.000000075497901,1.000000000000000,0.000000003725272,0.000000000000000,-1.000000000000000,0.000000075497866,0.000000238418551,0.000000000000000,0.000000238418565,-0.000000134110451,1.000000000000000,0.000000000000000,0.000000000000000,166.446014404296875,0.624611020088196,1.000000000000000
		}
		PoseNode:  {
			Node: "Model::B-jaw"
			Matrix: 0.000000075497930,-0.354992777109146,0.934869110584259,0.000000000000000,-1.000000000000000,-0.000001364142577,-0.000000437240601,0.000000000000000,0.000001430512270,-0.934869050979614,-0.354992628097534,0.000000000000000,-0.000000000000057,170.217575073242188,4.426535606384277,1.000000000000000
		}
		PoseNode:  {
			Node: "Model::B-shoulder.L"
			Matrix: 0.999945342540741,-0.010456948541105,0.000000075831764,0.000000000000000,0.000136956368806,0.013091994449496,-0.999914288520813,0.000000000000000,0.010456052608788,0.999859631061554,0.013092576526105,0.000000000000000,5.000000000000000,155.622482299804688,-0.990633010864258,1.000000000000000
		}
		PoseNode:  {
			Node: "Model::B-upper_arm.L"
			Matrix: 0.995149493217468,-0.091888986527920,-0.035123825073242,0.000000000000000,0.091331563889980,0.995672702789307,-0.017162263393402,0.000000000000000,0.036548890173435,0.013870969414711,0.999235510826111,0.000000000000000,23.539764404296875,151.199890136718750,-0.990633010864258,1.000000000000000
		}
		PoseNode:  {
			Node: "Model::B-forearm.L"
			Matrix: 0.997579455375671,0.029423033818603,0.063002943992615,0.000000000000000,-0.028160061687231,0.999386072158813,-0.020841047167778,0.000000000000000,-0.063577443361282,0.019016299396753,0.997795581817627,0.000000000000000,49.016197204589844,148.847473144531250,-1.889824271202087,1.000000000000000
		}
		PoseNode:  {
			Node: "Model::B-hand.L"
			Matrix: 0.995120346546173,0.083449661731720,0.052647091448307,0.000000000000000,-0.052776534110308,-0.000655410112813,0.998606026172638,0.000000000000000,0.083367809653282,-0.996511578559875,0.003752108663321,0.000000000000000,74.522827148437500,149.599777221679688,-0.278932332992554,1.000000000000000
		}
		PoseNode:  {
			Node: "Model::B-palm_01.L"
			Matrix: 0.932799756526947,-0.063155695796013,0.354818165302277,0.000000000000000,-0.356158763170242,-0.011032937094569,0.934360325336456,0.000000000000000,-0.055095553398132,-0.997942566871643,-0.032784841954708,0.000000000000000,82.770256042480469,151.243499755859375,3.476854324340820,1.000000000000000
		}
		PoseNode:  {
			Node: "Model::B-f_index_01.L"
			Matrix: 0.946348965167999,-0.072145044803619,0.314990490674973,0.000000000000000,-0.316575795412064,-0.011409504339099,0.948498606681824,0.000000000000000,-0.064835645258427,-0.997328758239746,-0.033636610955000,0.000000000000000,89.909538269042969,150.760131835937500,6.192493438720703,1.000000000000000
		}
		PoseNode:  {
			Node: "Model::B-f_index_02.L"
			Matrix: 0.941201210021973,-0.235492050647736,0.242247879505157,0.000000000000000,-0.258784204721451,-0.041568722575903,0.965040266513824,0.000000000000000,-0.217189460992813,-0.970986783504486,-0.100066028535366,0.000000000000000,95.306907653808594,150.348663330078125,7.988998413085938,1.000000000000000
		}
		PoseNode:  {
			Node: "Model::B-f_index_03.L"
			Matrix: 0.901635766029358,-0.402413725852966,0.158481165766716,0.000000000000000,-0.175532102584839,-0.005586587358266,0.984457850456238,0.000000000000000,-0.395274072885513,-0.915440797805786,-0.075673505663872,0.000000000000000,98.937553405761719,149.440261840820312,8.923460006713867,1.000000000000000
		}
		PoseNode:  {
			Node: "Model::B-thumb_01.L"
			Matrix: 0.160810947418213,-0.621920406818390,0.766390860080719,0.000000000000000,-0.872674584388733,-0.452329337596893,-0.183949500322342,0.000000000000000,0.461062937974930,-0.639228463172913,-0.615473687648773,0.000000000000000,80.818656921386719,148.357681274414062,3.295153141021729,1.000000000000000
		}
		PoseNode:  {
			Node: "Model::B-thumb_02.L"
			Matrix: 0.370085239410400,-0.817482173442841,0.441316127777100,0.000000000000000,-0.761432170867920,-0.539072394371033,-0.360030740499496,0.000000000000000,0.532219946384430,-0.202789932489395,-0.821959972381592,0.000000000000000,81.810043334960938,144.523590087890625,8.019893646240234,1.000000000000000
		}
		PoseNode:  {
			Node: "Model::B-thumb_03.L"
			Matrix: 0.582917869091034,-0.725613534450531,0.365638941526413,0.000000000000000,-0.715607881546021,-0.671608150005341,-0.191958248615265,0.000000000000000,0.384853482246399,-0.149757936596870,-0.910747170448303,0.000000000000000,83.707473754882812,140.332351684570312,10.282526016235352,1.000000000000000
		}
		PoseNode:  {
			Node: "Model::B-palm_02.L"
			Matrix: 0.979250192642212,-0.105424702167511,0.173074543476105,0.000000000000000,-0.174910247325897,-0.008352362550795,0.984548866748810,0.000000000000000,-0.102350287139416,-0.994391977787018,-0.026618784293532,0.000000000000000,84.307830810546875,151.648147583007812,0.990286946296692,1.000000000000000
		}
		PoseNode:  {
			Node: "Model::B-f_middle_01.L"
			Matrix: 0.998593211174011,-0.052779395133257,0.005100475158542,0.000000000000000,-0.004638813901693,0.008865572512150,0.999949812889099,0.000000000000000,-0.052822053432465,-0.998566627502441,0.008608395233750,0.000000000000000,91.051216125488281,150.922164916992188,2.182126283645630,1.000000000000000
		}
		PoseNode:  {
			Node: "Model::B-f_middle_02.L"
			Matrix: 0.967470169067383,-0.252984732389450,-0.000350546615664,0.000000000000000,0.002665458712727,0.008807568810880,0.999957501888275,0.000000000000000,-0.252971082925797,-0.967429876327515,0.009195504710078,0.000000000000000,95.603118896484375,150.681579589843750,2.205376148223877,1.000000000000000
		}
		PoseNode:  {
			Node: "Model::B-f_middle_03.L"
			Matrix: 0.896131277084351,-0.442714959383011,0.030853912234306,0.000000000000000,-0.032178733497858,0.004520265385509,0.999471783638000,0.000000000000000,-0.442620813846588,-0.896650731563568,-0.010195141658187,0.000000000000000,99.640213012695312,149.625915527343750,2.203913688659668,1.000000000000000
		}
		PoseNode:  {
			Node: "Model::B-palm_03.L"
			Matrix: 0.972971498966217,-0.230853617191315,0.005764121189713,0.000000000000000,0.007171614095569,0.055155713111162,0.998451888561249,0.000000000000000,-0.230814293026924,-0.971423745155334,0.055320657789707,0.000000000000000,83.882759094238281,151.761871337890625,-2.488666534423828,1.000000000000000
		}
		PoseNode:  {
			Node: "Model::B-f_ring_01.L"
			Matrix: 0.991444826126099,-0.109727330505848,-0.070691913366318,0.000000000000000,0.075447797775269,0.039807837456465,0.996354758739471,0.000000000000000,-0.106513351202011,-0.993164122104645,0.047746092081070,0.000000000000000,89.936332702636719,150.325561523437500,-2.452803134918213,1.000000000000000
		}
		PoseNode:  {
			Node: "Model::B-f_ring_02.L"
			Matrix: 0.965467989444733,-0.252609521150589,-0.063718736171722,0.000000000000000,0.057644061744213,-0.031384196132421,0.997843742370605,0.000000000000000,-0.254064738750458,-0.967059016227722,-0.015738870948553,0.000000000000000,95.501373291015625,149.709655761718750,-2.849600791931152,1.000000000000000
		}
		PoseNode:  {
			Node: "Model::B-f_ring_03.L"
			Matrix: 0.957511723041534,-0.288295120000839,0.007582001853734,0.000000000000000,-0.006335765589029,0.005255328956991,0.999966084957123,0.000000000000000,-0.288325309753418,-0.957526981830597,0.003205599263310,0.000000000000000,99.325683593750000,148.709045410156250,-3.101996421813965,1.000000000000000
		}
		PoseNode:  {
			Node: "Model::B-palm_04.L"
			Matrix: 0.914824903011322,-0.259423613548279,-0.309507250785828,0.000000000000000,0.328407287597656,0.031841564923525,0.943999230861664,0.000000000000000,-0.235040634870529,-0.965238392353058,0.114326171576977,0.000000000000000,84.025306701660156,151.691848754882812,-5.077875137329102,1.000000000000000
		}
		PoseNode:  {
			Node: "Model::B-f_pinky_01.L"
			Matrix: 0.920490801334381,-0.277003616094589,-0.275618761777878,0.000000000000000,0.309427559375763,0.085939101874828,0.947031497955322,0.000000000000000,-0.238644883036613,-0.957017779350281,0.164818823337555,0.000000000000000,89.071174621582031,150.260955810546875,-6.785013198852539,1.000000000000000
		}
		PoseNode:  {
			Node: "Model::B-f_pinky_02.L"
			Matrix: 0.915641427040100,-0.326955109834671,-0.233883127570152,0.000000000000000,0.260147452354431,0.038384240120649,0.964805483818054,0.000000000000000,-0.306470841169357,-0.944259822368622,0.120202839374542,0.000000000000000,93.964653015136719,148.788360595703125,-8.250247001647949,1.000000000000000
		}
		PoseNode:  {
			Node: "Model::B-f_pinky_03.L"
			Matrix: 0.832560002803802,-0.546395421028137,-0.091083019971848,0.000000000000000,0.188065871596336,0.124151550233364,0.974277853965759,0.000000000000000,-0.521033048629761,-0.828274130821228,0.206122010946274,0.000000000000000,97.404869079589844,147.559936523437500,-9.128984451293945,1.000000000000000
		}
		PoseNode:  {
			Node: "Model::B-shoulder.R"
			Matrix: -0.997877299785614,-0.010435318574309,-0.064279228448868,0.000000000000000,-0.064133301377296,-0.013764114119112,0.997846424579620,0.000000000000000,-0.011297599412501,0.999850809574127,0.013065512292087,0.000000000000000,-5.000000000000000,155.622482299804688,-0.990633010864258,1.000000000000000
		}
		PoseNode:  {
			Node: "Model::B-upper_arm.R"
			Matrix: -0.995553612709045,-0.091925621032715,-0.020563947036862,0.000000000000000,0.091579854488373,-0.995649814605713,0.017169209197164,0.000000000000000,-0.022052790969610,0.015209486708045,0.999641239643097,0.000000000000000,-23.539764404296875,151.199890136718750,-1.363587856292725,1.000000000000000
		}
		PoseNode:  {
			Node: "Model::B-forearm.R"
			Matrix: -0.997579753398895,0.029423490166664,0.063002929091454,0.000000000000000,-0.028160579502583,-0.999386191368103,0.020841082558036,0.000000000000000,0.063577458262444,0.019016301259398,0.997795760631561,0.000000000000000,-49.016197204589844,148.847488403320312,-1.889823675155640,1.000000000000000
		}
		PoseNode:  {
			Node: "Model::B-hand.R"
