; FBX 6.1.0 project file
; ----------------------------------------------------

FBXHeaderExtension:  {
	FBXHeaderVersion: 1003
	FBXVersion: 6100
}
CreationTime: "2023-03-01 20:23:00:000"

; Object definitions
;------------------------------------------------------------------

Definitions:  {
	Version: 100
	Count: 63
	ObjectType: "Model" {
		Count: 62
	}
	ObjectType: "Geometry" {
		Count: 0
	}
	ObjectType: "Pose" {
		Count: 1
	}
	ObjectType: "GlobalSettings" {
		Count: 1
	}
}

; Object properties
;------------------------------------------------------------------

Objects:  {
	Model: "Model::Rig", "Limb" {
		Version: 232
		Properties60:  {
			Property: "QuaternionInterpolate", "bool", "",0
			Property: "Lcl Translation", "Lcl Translation", "A+",0.0000,0.0000,0.0000
			Property: "Lcl Rotation", "Lcl Rotation", "A+",-90.0000,0.0000,0.0000
			Property: "Lcl Scaling", "Lcl Scaling", "A+",1.0,1.0,1.0
		}
		MultiLayer: 0
		MultiTake: 1
		Shading: Y
		Culling: "CullingOff"
		TypeFlags: "Skeleton"
	}
	Model: "Model::root", "Limb" {
		Version: 232
		Properties60:  {
			Property: "QuaternionInterpolate", "bool", "",0
			Property: "Lcl Translation", "Lcl Translation", "A+",0.0000,0.0000,0.0000
			Property: "Lcl Rotation", "Lcl Rotation", "A+",0.0000,-0.0000,90.0000
			Property: "Lcl Scaling", "Lcl Scaling", "A+",1.0,1.0,1.0
		}
		MultiLayer: 0
		MultiTake: 1
		Shading: Y
		Culling: "CullingOff"
		TypeFlags: "Skeleton"
	}
	Model: "Model::B-hips", "Limb" {
		Version: 232
		Properties60:  {
			Property: "QuaternionInterpolate", "bool", "",0
			Property: "Lcl Translation", "Lcl Translation", "A+",2.3889,0.0000,99.1490
			Property: "Lcl Rotation", "Lcl Rotation", "A+",0.0000,-90.0000,0.0000
			Property: "Lcl Scaling", "Lcl Scaling", "A+",1.0,1.0,1.0
		}
		MultiLayer: 0
		MultiTake: 1
		Shading: Y
		Culling: "CullingOff"
		TypeFlags: "Skeleton"
	}
	Model: "Model::B-spine", "Limb" {
		Version: 232
		Properties60:  {
			Property: "QuaternionInterpolate", "bool", "",0
			Property: "Lcl Translation", "Lcl Translation", "A+",19.2210,0.0000,0.0000
			Property: "Lcl Rotation", "Lcl Rotation", "A+",-0.0000,0.0000,-0.0000
			Property: "Lcl Scaling", "Lcl Scaling", "A+",1.0,1.0,1.0
		}
		MultiLayer: 0
		MultiTake: 1
		Shading: Y
		Culling: "CullingOff"
		TypeFlags: "Skeleton"
	}
	Model: "Model::B-chest", "Limb" {
		Version: 232
		Properties60:  {
			Property: "QuaternionInterpolate", "bool", "",0
			Property: "Lcl Translation", "Lcl Translation", "A+",15.8100,0.0000,0.0000
			Property: "Lcl Rotation", "Lcl Rotation", "A+",0.0000,-0.0000,-0.0000
			Property: "Lcl Scaling", "Lcl Scaling", "A+",1.0,1.0,1.0
		}
		MultiLayer: 0
		MultiTake: 1
		Shading: Y
		Culling: "CullingOff"
		TypeFlags: "Skeleton"
	}
	Model: "Model::B-neck", "Limb" {
		Version: 232
		Properties60:  {
			Property: "QuaternionInterpolate", "bool", "",0
			Property: "Lcl Translation", "Lcl Translation", "A+",26.9527,0.0000,0.0000
			Property: "Lcl Rotation", "Lcl Rotation", "A+",0.0000,-10.4505,-0.0000
			Property: "Lcl Scaling", "Lcl Scaling", "A+",1.0,1.0,1.0
		}
		MultiLayer: 0
		MultiTake: 1
		Shading: Y
		Culling: "CullingOff"
		TypeFlags: "Skeleton"
	}
	Model: "Model::B-head", "Limb" {
		Version: 232
		Properties60:  {
			Property: "QuaternionInterpolate", "bool", "",0
			Property: "Lcl Translation", "Lcl Translation", "A+",11.2117,0.0000,-0.0000
			Property: "Lcl Rotation", "Lcl Rotation", "A+",-0.0000,10.4505,-0.0000
			Property: "Lcl Scaling", "Lcl Scaling", "A+",1.0,1.0,1.0
		}
		MultiLayer: 0
		MultiTake: 1
		Shading: Y
		Culling: "CullingOff"
		TypeFlags: "Skeleton"
	}
	Model: "Model::B-jaw", "Limb" {
		Version: 232
		Properties60:  {
			Property: "QuaternionInterpolate", "bool", "",0
			Property: "Lcl Translation", "Lcl Translation", "A+",0.3391,0.0000,5.8935
			Property: "Lcl Rotation", "Lcl Rotation", "A+",0.0000,-68.1101,180.0000
			Property: "Lcl Scaling", "Lcl Scaling", "A+",1.0,1.0,1.0
		}
		MultiLayer: 0
		MultiTake: 1
		Shading: Y
		Culling: "CullingOff"
		TypeFlags: "Skeleton"
	}
	Model: "Model::B-shoulder.L", "Limb" {
		Version: 232
		Properties60:  {
			Property: "QuaternionInterpolate", "bool", "",0
			Property: "Lcl Translation", "Lcl Translation", "A+",26.3300,-1.8300,0.0000
			Property: "Lcl Rotation", "Lcl Rotation", "A+",-90.0150,-0.0000,-90.0380
			Property: "Lcl Scaling", "Lcl Scaling", "A+",1.0,1.0,1.0
		}
		MultiLayer: 0
		MultiTake: 1
		Shading: Y
		Culling: "CullingOff"
		TypeFlags: "Skeleton"
	}
	Model: "Model::B-upper_arm.L", "Limb" {
		Version: 232
		Properties60:  {
			Property: "QuaternionInterpolate", "bool", "",0
			Property: "Lcl Translation", "Lcl Translation", "A+",19.3978,-0.5092,-6.2276
			Property: "Lcl Rotation", "Lcl Rotation", "A+",90.4326,-0.0681,1.8031
			Property: "Lcl Scaling", "Lcl Scaling", "A+",1.0,1.0,1.0
		}
		MultiLayer: 0
		MultiTake: 1
		Shading: Y
		Culling: "CullingOff"
		TypeFlags: "Skeleton"
	}
	Model: "Model::B-forearm.L", "Limb" {
		Version: 232
		Properties60:  {
			Property: "QuaternionInterpolate", "bool", "",0
			Property: "Lcl Translation", "Lcl Translation", "A+",29.9722,0.0000,0.0000
			Property: "Lcl Rotation", "Lcl Rotation", "A+",-0.5898,-3.6344,-0.0820
			Property: "Lcl Scaling", "Lcl Scaling", "A+",1.0,1.0,1.0
		}
		MultiLayer: 0
		MultiTake: 1
		Shading: Y
		Culling: "CullingOff"
		TypeFlags: "Skeleton"
	}
	Model: "Model::B-hand.L", "Limb" {
		Version: 232
		Properties60:  {
			Property: "QuaternionInterpolate", "bool", "",0
			Property: "Lcl Translation", "Lcl Translation", "A+",25.5349,-0.0000,0.0000
			Property: "Lcl Rotation", "Lcl Rotation", "A+",90.1495,1.4208,-3.4550
			Property: "Lcl Scaling", "Lcl Scaling", "A+",1.0,1.0,1.0
		}
		MultiLayer: 0
		MultiTake: 1
		Shading: Y
		Culling: "CullingOff"
		TypeFlags: "Skeleton"
	}
	Model: "Model::B-palm_01.L", "Limb" {
		Version: 232
		Properties60:  {
			Property: "QuaternionInterpolate", "bool", "",0
			Property: "Lcl Translation", "Lcl Translation", "A+",10.2531,4.0784,-0.2787
			Property: "Lcl Rotation", "Lcl Rotation", "A+",-5.2719,0.3842,5.1279
			Property: "Lcl Scaling", "Lcl Scaling", "A+",1.0,1.0,1.0
		}
		MultiLayer: 0
		MultiTake: 1
		Shading: Y
		Culling: "CullingOff"
		TypeFlags: "Skeleton"
	}
	Model: "Model::B-f_index_01.L", "Limb" {
		Version: 232
		Properties60:  {
			Property: "QuaternionInterpolate", "bool", "",0
			Property: "Lcl Translation", "Lcl Translation", "A+",8.1824,0.0000,0.0000
			Property: "Lcl Rotation", "Lcl Rotation", "A+",5.5023,-14.8326,-4.0896
			Property: "Lcl Scaling", "Lcl Scaling", "A+",1.0,1.0,1.0
		}
		MultiLayer: 0
		MultiTake: 1
		Shading: Y
		Culling: "CullingOff"
		TypeFlags: "Skeleton"
	}
	Model: "Model::B-f_index_02.L", "Limb" {
		Version: 232
		Properties60:  {
			Property: "QuaternionInterpolate", "bool", "",0
			Property: "Lcl Translation", "Lcl Translation", "A+",3.8326,0.0000,-0.0000
			Property: "Lcl Rotation", "Lcl Rotation", "A+",0.2578,6.4476,0.1903
			Property: "Lcl Scaling", "Lcl Scaling", "A+",1.0,1.0,1.0
		}
		MultiLayer: 0
		MultiTake: 1
		Shading: Y
		Culling: "CullingOff"
		TypeFlags: "Skeleton"
	}
	Model: "Model::B-f_index_03.L", "Limb" {
		Version: 232
		Properties60:  {
			Property: "QuaternionInterpolate", "bool", "",0
			Property: "Lcl Translation", "Lcl Translation", "A+",4.0629,-0.0000,0.0000
			Property: "Lcl Rotation", "Lcl Rotation", "A+",-1.5346,-0.1206,0.0316
			Property: "Lcl Scaling", "Lcl Scaling", "A+",1.0,1.0,1.0
		}
		MultiLayer: 0
		MultiTake: 1
		Shading: Y
		Culling: "CullingOff"
		TypeFlags: "Skeleton"
	}
	Model: "Model::B-thumb_01.L", "Limb" {
		Version: 232
		Properties60:  {
			Property: "QuaternionInterpolate", "bool", "",0
			Property: "Lcl Translation", "Lcl Translation", "A+",0.6269,3.1211,2.4067
			Property: "Lcl Rotation", "Lcl Rotation", "A+",59.6527,-33.8262,59.8214
			Property: "Lcl Scaling", "Lcl Scaling", "A+",1.0,1.0,1.0
		}
		MultiLayer: 0
		MultiTake: 1
		Shading: Y
		Culling: "CullingOff"
		TypeFlags: "Skeleton"
	}
	Model: "Model::B-thumb_02.L", "Limb" {
		Version: 232
		Properties60:  {
			Property: "QuaternionInterpolate", "bool", "",0
			Property: "Lcl Translation", "Lcl Translation", "A+",6.0240,0.0000,0.0000
			Property: "Lcl Rotation", "Lcl Rotation", "A+",13.9653,-10.5139,-17.2777
			Property: "Lcl Scaling", "Lcl Scaling", "A+",1.0,1.0,1.0
		}
		MultiLayer: 0
		MultiTake: 1
		Shading: Y
		Culling: "CullingOff"
		TypeFlags: "Skeleton"
	}
	Model: "Model::B-thumb_03.L", "Limb" {
		Version: 232
		Properties60:  {
			Property: "QuaternionInterpolate", "bool", "",0
			Property: "Lcl Translation", "Lcl Translation", "A+",4.8265,0.0000,-0.0000
			Property: "Lcl Rotation", "Lcl Rotation", "A+",-8.1659,1.9013,-12.5973
			Property: "Lcl Scaling", "Lcl Scaling", "A+",1.0,1.0,1.0
		}
		MultiLayer: 0
		MultiTake: 1
		Shading: Y
		Culling: "CullingOff"
		TypeFlags: "Skeleton"
	}
	Model: "Model::B-palm_02.L", "Limb" {
		Version: 232
		Properties60:  {
			Property: "QuaternionInterpolate", "bool", "",0
			Property: "Lcl Translation", "Lcl Translation", "A+",10.2158,0.5490,-0.3281
			Property: "Lcl Rotation", "Lcl Rotation", "A+",-3.4622,0.9363,4.8429
			Property: "Lcl Scaling", "Lcl Scaling", "A+",1.0,1.0,1.0
		}
		MultiLayer: 0
		MultiTake: 1
		Shading: Y
		Culling: "CullingOff"
		TypeFlags: "Skeleton"
	}
	Model: "Model::B-f_middle_01.L", "Limb" {
		Version: 232
		Properties60:  {
			Property: "QuaternionInterpolate", "bool", "",0
			Property: "Lcl Translation", "Lcl Translation", "A+",8.3337,-0.0000,0.0000
			Property: "Lcl Rotation", "Lcl Rotation", "A+",2.6986,-25.6010,-5.6826
			Property: "Lcl Scaling", "Lcl Scaling", "A+",1.0,1.0,1.0
		}
		MultiLayer: 0
		MultiTake: 1
		Shading: Y
		Culling: "CullingOff"
		TypeFlags: "Skeleton"
	}
	Model: "Model::B-f_middle_02.L", "Limb" {
		Version: 232
		Properties60:  {
			Property: "QuaternionInterpolate", "bool", "",0
			Property: "Lcl Translation", "Lcl Translation", "A+",3.7125,0.0000,-0.0000
			Property: "Lcl Rotation", "Lcl Rotation", "A+",-1.5339,10.8292,0.0954
			Property: "Lcl Scaling", "Lcl Scaling", "A+",1.0,1.0,1.0
		}
		MultiLayer: 0
		MultiTake: 1
		Shading: Y
		Culling: "CullingOff"
		TypeFlags: "Skeleton"
	}
	Model: "Model::B-f_middle_03.L", "Limb" {
		Version: 232
		Properties60:  {
			Property: "QuaternionInterpolate", "bool", "",0
			Property: "Lcl Translation", "Lcl Translation", "A+",4.2021,0.0000,-0.0000
			Property: "Lcl Rotation", "Lcl Rotation", "A+",1.0097,0.6461,0.0461
			Property: "Lcl Scaling", "Lcl Scaling", "A+",1.0,1.0,1.0
		}
		MultiLayer: 0
		MultiTake: 1
		Shading: Y
		Culling: "CullingOff"
		TypeFlags: "Skeleton"
	}
	Model: "Model::B-palm_03.L", "Limb" {
		Version: 232
		Properties60:  {
			Property: "QuaternionInterpolate", "bool", "",0
			Property: "Lcl Translation", "Lcl Translation", "A+",10.0857,-2.0715,-0.2559
			Property: "Lcl Rotation", "Lcl Rotation", "A+",-8.6949,-3.8327,-1.2238
			Property: "Lcl Scaling", "Lcl Scaling", "A+",1.0,1.0,1.0
		}
		MultiLayer: 0
		MultiTake: 1
		Shading: Y
		Culling: "CullingOff"
		TypeFlags: "Skeleton"
	}
	Model: "Model::B-f_ring_01.L", "Limb" {
		Version: 232
		Properties60:  {
			Property: "QuaternionInterpolate", "bool", "",0
			Property: "Lcl Translation", "Lcl Translation", "A+",7.3382,0.0000,-0.0000
			Property: "Lcl Rotation", "Lcl Rotation", "A+",5.0370,-21.0610,-1.4223
			Property: "Lcl Scaling", "Lcl Scaling", "A+",1.0,1.0,1.0
		}
		MultiLayer: 0
		MultiTake: 1
		Shading: Y
		Culling: "CullingOff"
		TypeFlags: "Skeleton"
	}
	Model: "Model::B-f_ring_02.L", "Limb" {
		Version: 232
		Properties60:  {
			Property: "QuaternionInterpolate", "bool", "",0
			Property: "Lcl Translation", "Lcl Translation", "A+",3.8969,-0.0000,0.0000
			Property: "Lcl Rotation", "Lcl Rotation", "A+",-1.9135,9.6821,-0.2992
			Property: "Lcl Scaling", "Lcl Scaling", "A+",1.0,1.0,1.0
		}
		MultiLayer: 0
		MultiTake: 1
		Shading: Y
		Culling: "CullingOff"
		TypeFlags: "Skeleton"
	}
	Model: "Model::B-f_ring_03.L", "Limb" {
		Version: 232
		Properties60:  {
			Property: "QuaternionInterpolate", "bool", "",0
			Property: "Lcl Translation", "Lcl Translation", "A+",3.8451,0.0000,-0.0000
			Property: "Lcl Rotation", "Lcl Rotation", "A+",1.2752,0.0935,0.0194
			Property: "Lcl Scaling", "Lcl Scaling", "A+",1.0,1.0,1.0
		}
		MultiLayer: 0
		MultiTake: 1
		Shading: Y
		Culling: "CullingOff"
		TypeFlags: "Skeleton"
	}
	Model: "Model::B-palm_04.L", "Limb" {
		Version: 232
		Properties60:  {
			Property: "QuaternionInterpolate", "bool", "",0
			Property: "Lcl Translation", "Lcl Translation", "A+",9.5152,-4.3863,-0.0203
			Property: "Lcl Rotation", "Lcl Rotation", "A+",-5.2108,-7.5794,-8.1677
			Property: "Lcl Scaling", "Lcl Scaling", "A+",1.0,1.0,1.0
		}
		MultiLayer: 0
		MultiTake: 1
		Shading: Y
		Culling: "CullingOff"
		TypeFlags: "Skeleton"
	}
	Model: "Model::B-f_pinky_01.L", "Limb" {
		Version: 232
		Properties60:  {
			Property: "QuaternionInterpolate", "bool", "",0
			Property: "Lcl Translation", "Lcl Translation", "A+",7.2687,0.0000,-0.0000
			Property: "Lcl Rotation", "Lcl Rotation", "A+",-3.0413,-21.1073,2.5138
			Property: "Lcl Scaling", "Lcl Scaling", "A+",1.0,1.0,1.0
		}
		MultiLayer: 0
		MultiTake: 1
		Shading: Y
		Culling: "CullingOff"
		TypeFlags: "Skeleton"
	}
	Model: "Model::B-f_pinky_02.L", "Limb" {
		Version: 232
		Properties60:  {
			Property: "QuaternionInterpolate", "bool", "",0
			Property: "Lcl Translation", "Lcl Translation", "A+",4.1692,-0.0000,0.0000
			Property: "Lcl Rotation", "Lcl Rotation", "A+",-1.0133,4.6128,2.9382
			Property: "Lcl Scaling", "Lcl Scaling", "A+",1.0,1.0,1.0
		}
		MultiLayer: 0
		MultiTake: 1
		Shading: Y
		Culling: "CullingOff"
		TypeFlags: "Skeleton"
	}
	Model: "Model::B-f_pinky_03.L", "Limb" {
		Version: 232
		Properties60:  {
			Property: "QuaternionInterpolate", "bool", "",0
			Property: "Lcl Translation", "Lcl Translation", "A+",2.8999,0.0000,0.0000
			Property: "Lcl Rotation", "Lcl Rotation", "A+",1.0529,0.9927,0.3048
			Property: "Lcl Scaling", "Lcl Scaling", "A+",1.0,1.0,1.0
		}
		MultiLayer: 0
		MultiTake: 1
		Shading: Y
		Culling: "CullingOff"
		TypeFlags: "Skeleton"
	}
	Model: "Model::B-shoulder.R", "Limb" {
		Version: 232
		Properties60:  {
			Property: "QuaternionInterpolate", "bool", "",0
			Property: "Lcl Translation", "Lcl Translation", "A+",26.3300,1.8300,0.0000
			Property: "Lcl Rotation", "Lcl Rotation", "A+",90.0150,0.0000,90.0380
			Property: "Lcl Scaling", "Lcl Scaling", "A+",1.0,1.0,1.0
		}
		MultiLayer: 0
		MultiTake: 1
		Shading: Y
		Culling: "CullingOff"
		TypeFlags: "Skeleton"
	}
	Model: "Model::B-upper_arm.R", "Limb" {
		Version: 232
		Properties60:  {
			Property: "QuaternionInterpolate", "bool", "",0
			Property: "Lcl Translation", "Lcl Translation", "A+",19.3978,0.5092,-6.2276
			Property: "Lcl Rotation", "Lcl Rotation", "A+",-90.4326,-0.0681,-1.8031
			Property: "Lcl Scaling", "Lcl Scaling", "A+",1.0,1.0,1.0
		}
		MultiLayer: 0
		MultiTake: 1
		Shading: Y
		Culling: "CullingOff"
		TypeFlags: "Skeleton"
	}
	Model: "Model::B-forearm.R", "Limb" {
		Version: 232
		Properties60:  {
			Property: "QuaternionInterpolate", "bool", "",0
			Property: "Lcl Translation", "Lcl Translation", "A+",29.9722,0.0000,0.0000
			Property: "Lcl Rotation", "Lcl Rotation", "A+",0.5898,-3.6344,0.0820
			Property: "Lcl Scaling", "Lcl Scaling", "A+",1.0,1.0,1.0
		}
		MultiLayer: 0
		MultiTake: 1
		Shading: Y
		Culling: "CullingOff"
		TypeFlags: "Skeleton"
	}
	Model: "Model::B-hand.R", "Limb" {
		Version: 232
		Properties60:  {
			Property: "QuaternionInterpolate", "bool", "",0
			Property: "Lcl Translation", "Lcl Translation", "A+",25.5349,0.0000,0.0000
			Property: "Lcl Rotation", "Lcl Rotation", "A+",-90.1495,1.4208,3.4550
			Property: "Lcl Scaling", "Lcl Scaling", "A+",1.0,1.0,1.0
		}
		MultiLayer: 0
		MultiTake: 1
		Shading: Y
		Culling: "CullingOff"
		TypeFlags: "Skeleton"
	}
	Model: "Model::B-palm_01.R", "Limb" {
		Version: 232
		Properties60:  {
			Property: "QuaternionInterpolate", "bool", "",0
			Property: "Lcl Translation", "Lcl Translation", "A+",10.2531,-4.0784,-0.2787
			Property: "Lcl Rotation", "Lcl Rotation", "A+",5.2719,0.3842,-5.1279
			Property: "Lcl Scaling", "Lcl Scaling", "A+",1.0,1.0,1.0
		}
		MultiLayer: 0
		MultiTake: 1
		Shading: Y
		Culling: "CullingOff"
		TypeFlags: "Skeleton"
	}
	Model: "Model::B-f_index_01.R", "Limb" {
		Version: 232
		Properties60:  {
			Property: "QuaternionInterpolate", "bool", "",0
			Property: "Lcl Translation", "Lcl Translation", "A+",8.1824,-0.0000,-0.0000
			Property: "Lcl Rotation", "Lcl Rotation", "A+",-5.5023,-14.8326,4.0896
			Property: "Lcl Scaling", "Lcl Scaling", "A+",1.0,1.0,1.0
		}
		MultiLayer: 0
		MultiTake: 1
		Shading: Y
		Culling: "CullingOff"
		TypeFlags: "Skeleton"
	}
	Model: "Model::B-f_index_02.R", "Limb" {
		Version: 232
		Properties60:  {
			Property: "QuaternionInterpolate", "bool", "",0
			Property: "Lcl Translation", "Lcl Translation", "A+",3.8326,0.0000,0.0000
			Property: "Lcl Rotation", "Lcl Rotation", "A+",-0.2578,6.4476,-0.1903
			Property: "Lcl Scaling", "Lcl Scaling", "A+",1.0,1.0,1.0
		}
		MultiLayer: 0
		MultiTake: 1
		Shading: Y
		Culling: "CullingOff"
		TypeFlags: "Skeleton"
	}
	Model: "Model::B-f_index_03.R", "Limb" {
		Version: 232
		Properties60:  {
			Property: "QuaternionInterpolate", "bool", "",0
			Property: "Lcl Translation", "Lcl Translation", "A+",4.0629,0.0000,0.0000
			Property: "Lcl Rotation", "Lcl Rotation", "A+",1.5346,-0.1206,-0.0316
			Property: "Lcl Scaling", "Lcl Scaling", "A+",1.0,1.0,1.0
		}
		MultiLayer: 0
		MultiTake: 1
		Shading: Y
		Culling: "CullingOff"
		TypeFlags: "Skeleton"
	}
	Model: "Model::B-thumb_01.R", "Limb" {
		Version: 232
		Properties60:  {
			Property: "QuaternionInterpolate", "bool", "",0
			Property: "Lcl Translation", "Lcl Translation", "A+",0.6269,-3.1211,2.4066
			Property: "Lcl Rotation", "Lcl Rotation", "A+",-59.6527,-33.8262,-59.8214
			Property: "Lcl Scaling", "Lcl Scaling", "A+",1.0,1.0,1.0
		}
		MultiLayer: 0
		MultiTake: 1
		Shading: Y
		Culling: "CullingOff"
		TypeFlags: "Skeleton"
	}
	Model: "Model::B-thumb_02.R", "Limb" {
		Version: 232
		Properties60:  {
			Property: "QuaternionInterpolate", "bool", "",0
			Property: "Lcl Translation", "Lcl Translation", "A+",6.0240,0.0000,0.0000
			Property: "Lcl Rotation", "Lcl Rotation", "A+",-13.9653,-10.5139,17.2777
			Property: "Lcl Scaling", "Lcl Scaling", "A+",1.0,1.0,1.0
		}
		MultiLayer: 0
		MultiTake: 1
		Shading: Y
		Culling: "CullingOff"
		TypeFlags: "Skeleton"
	}
	Model: "Model::B-thumb_03.R", "Limb" {
		Version: 232
		Properties60:  {
			Property: "QuaternionInterpolate", "bool", "",0
			Property: "Lcl Translation", "Lcl Translation", "A+",4.8265,-0.0000,-0.0000
			Property: "Lcl Rotation", "Lcl Rotation", "A+",8.1659,1.9013,12.5973
			Property: "Lcl Scaling", "Lcl Scaling", "A+",1.0,1.0,1.0
		}
		MultiLayer: 0
		MultiTake: 1
		Shading: Y
		Culling: "CullingOff"
		TypeFlags: "Skeleton"
	}
	Model: "Model::B-palm_02.R", "Limb" {
		Version: 232
		Properties60:  {
			Property: "QuaternionInterpolate", "bool", "",0
			Property: "Lcl Translation", "Lcl Translation", "A+",10.2158,-0.5490,-0.3281
			Property: "Lcl Rotation", "Lcl Rotation", "A+",3.4622,0.9363,-4.8429
			Property: "Lcl Scaling", "Lcl Scaling", "A+",1.0,1.0,1.0
		}
		MultiLayer: 0
		MultiTake: 1
		Shading: Y
		Culling: "CullingOff"
		TypeFlags: "Skeleton"
	}
	Model: "Model::B-f_middle_01.R", "Limb" {
		Version: 232
		Properties60:  {
			Property: "QuaternionInterpolate", "bool", "",0
			Property: "Lcl Translation", "Lcl Translation", "A+",8.3336,0.0000,0.0000
			Property: "Lcl Rotation", "Lcl Rotation", "A+",-2.6986,-25.6010,5.6826
			Property: "Lcl Scaling", "Lcl Scaling", "A+",1.0,1.0,1.0
		}
		MultiLayer: 0
		MultiTake: 1
		Shading: Y
		Culling: "CullingOff"
		TypeFlags: "Skeleton"
	}
	Model: "Model::B-f_middle_02.R", "Limb" {
		Version: 232
		Properties60:  {
			Property: "QuaternionInterpolate", "bool", "",0
			Property: "Lcl Translation", "Lcl Translation", "A+",3.7125,0.0000,-0.0000
			Property: "Lcl Rotation", "Lcl Rotation", "A+",1.5339,10.8292,-0.0954
			Property: "Lcl Scaling", "Lcl Scaling", "A+",1.0,1.0,1.0
		}
		MultiLayer: 0
		MultiTake: 1
		Shading: Y
		Culling: "CullingOff"
		TypeFlags: "Skeleton"
	}
	Model: "Model::B-f_middle_03.R", "Limb" {
		Version: 232
		Properties60:  {
			Property: "QuaternionInterpolate", "bool", "",0
			Property: "Lcl Translation", "Lcl Translation", "A+",4.2021,0.0000,-0.0000
			Property: "Lcl Rotation", "Lcl Rotation", "A+",-1.0097,0.6461,-0.0461
			Property: "Lcl Scaling", "Lcl Scaling", "A+",1.0,1.0,1.0
		}
		MultiLayer: 0
		MultiTake: 1
		Shading: Y
		Culling: "CullingOff"
		TypeFlags: "Skeleton"
	}
	Model: "Model::B-palm_03.R", "Limb" {
		Version: 232
		Properties60:  {
			Property: "QuaternionInterpolate", "bool", "",0
			Property: "Lcl Translation", "Lcl Translation", "A+",10.0857,2.0715,-0.2559
			Property: "Lcl Rotation", "Lcl Rotation", "A+",8.6949,-3.8327,1.2238
			Property: "Lcl Scaling", "Lcl Scaling", "A+",1.0,1.0,1.0
		}
		MultiLayer: 0
		MultiTake: 1
		Shading: Y
		Culling: "CullingOff"
		TypeFlags: "Skeleton"
	}
	Model: "Model::B-f_ring_01.R", "Limb" {
		Version: 232
		Properties60:  {
			Property: "QuaternionInterpolate", "bool", "",0
			Property: "Lcl Translation", "Lcl Translation", "A+",7.3382,0.0000,-0.0000
			Property: "Lcl Rotation", "Lcl Rotation", "A+",-5.0370,-21.0610,1.4223
			Property: "Lcl Scaling", "Lcl Scaling", "A+",1.0,1.0,1.0
		}
		MultiLayer: 0
		MultiTake: 1
		Shading: Y
		Culling: "CullingOff"
		TypeFlags: "Skeleton"
	}
	Model: "Model::B-f_ring_02.R", "Limb" {
		Version: 232
		Properties60:  {
			Property: "QuaternionInterpolate", "bool", "",0
			Property: "Lcl Translation", "Lcl Translation", "A+",3.8969,0.0000,0.0000
			Property: "Lcl Rotation", "Lcl Rotation", "A+",1.9135,9.6821,0.2992
			Property: "Lcl Scaling", "Lcl Scaling", "A+",1.0,1.0,1.0
		}
		MultiLayer: 0
		MultiTake: 1
		Shading: Y
		Culling: "CullingOff"
		TypeFlags: "Skeleton"
	}
	Model: "Model::B-f_ring_03.R", "Limb" {
		Version: 232
		Properties60:  {
			Property: "QuaternionInterpolate", "bool", "",0
			Property: "Lcl Translation", "Lcl Translation", "A+",3.8451,-0.0000,0.0000
			Property: "Lcl Rotation", "Lcl Rotation", "A+",-1.2752,0.0935,-0.0194
			Property: "Lcl Scaling", "Lcl Scaling", "A+",1.0,1.0,1.0
		}
		MultiLayer: 0
		MultiTake: 1
		Shading: Y
		Culling: "CullingOff"
		TypeFlags: "Skeleton"
	}
	Model: "Model::B-palm_04.R", "Limb" {
		Version: 232
		Properties60:  {
			Property: "QuaternionInterpolate", "bool", "",0
			Property: "Lcl Translation", "Lcl Translation", "A+",9.5152,4.3863,-0.0203
			Property: "Lcl Rotation", "Lcl Rotation", "A+",5.2108,-7.5794,8.1677
			Property: "Lcl Scaling", "Lcl Scaling", "A+",1.0,1.0,1.0
		}
		MultiLayer: 0
		MultiTake: 1
		Shading: Y
		Culling: "CullingOff"
		TypeFlags: "Skeleton"
	}
	Model: "Model::B-f_pinky_01.R", "Limb" {
		Version: 232
		Properties60:  {
			Property: "QuaternionInterpolate", "bool", "",0
			Property: "Lcl Translation", "Lcl Translation", "A+",7.2687,0.0000,-0.0000
			Property: "Lcl Rotation", "Lcl Rotation", "A+",3.0413,-21.1073,-2.5138
			Property: "Lcl Scaling", "Lcl Scaling", "A+",1.0,1.0,1.0
		}
		MultiLayer: 0
		MultiTake: 1
		Shading: Y
		Culling: "CullingOff"
		TypeFlags: "Skeleton"
	}
	Model: "Model::B-f_pinky_02.R", "Limb" {
		Version: 232
		Properties60:  {
			Property: "QuaternionInterpolate", "bool", "",0
			Property: "Lcl Translation", "Lcl Translation", "A+",4.1692,-0.0000,0.0000
			Property: "Lcl Rotation", "Lcl Rotation", "A+",1.0133,4.6129,-2.9382
			Property: "Lcl Scaling", "Lcl Scaling", "A+",1.0,1.0,1.0
		}
		MultiLayer: 0
		MultiTake: 1
		Shading: Y
		Culling: "CullingOff"
		TypeFlags: "Skeleton"
	}
	Model: "Model::B-f_pinky_03.R", "Limb" {
		Version: 232
		Properties60:  {
			Property: "QuaternionInterpolate", "bool", "",0
			Property: "Lcl Translation", "Lcl Translation", "A+",2.8999,0.0000,0.0000
			Property: "Lcl Rotation", "Lcl Rotation", "A+",-1.0529,0.9927,-0.3048
			Property: "Lcl Scaling", "Lcl Scaling", "A+",1.0,1.0,1.0
		}
		MultiLayer: 0
		MultiTake: 1
		Shading: Y
		Culling: "CullingOff"
		TypeFlags: "Skeleton"
	}
	Model: "Model::B-thigh.L", "Limb" {
		Version: 232
		Properties60:  {
			Property: "QuaternionInterpolate", "bool", "",0
			Property: "Lcl Translation", "Lcl Translation", "A+",-0.0000,-15.3061,0.0000
			Property: "Lcl Rotation", "Lcl Rotation", "A+",2.8331,-173.8175,2.8304
			Property: "Lcl Scaling", "Lcl Scaling", "A+",1.0,1.0,1.0
		}
		MultiLayer: 0
		MultiTake: 1
		Shading: Y
		Culling: "CullingOff"
		TypeFlags: "Skeleton"
	}
	Model: "Model::B-shin.L", "Limb" {
		Version: 232
		Properties60:  {
			Property: "QuaternionInterpolate", "bool", "",0
			Property: "Lcl Translation", "Lcl Translation", "A+",48.2646,0.0000,-0.0000
			Property: "Lcl Rotation", "Lcl Rotation", "A+",-0.8827,-16.3391,1.5363
			Property: "Lcl Scaling", "Lcl Scaling", "A+",1.0,1.0,1.0
		}
		MultiLayer: 0
		MultiTake: 1
		Shading: Y
		Culling: "CullingOff"
		TypeFlags: "Skeleton"
	}
	Model: "Model::B-foot.L", "Limb" {
		Version: 232
		Properties60:  {
			Property: "QuaternionInterpolate", "bool", "",0
			Property: "Lcl Translation", "Lcl Translation", "A+",38.6289,-0.1015,0.0031
			Property: "Lcl Rotation", "Lcl Rotation", "A+",-4.1328,60.5643,-0.3336
			Property: "Lcl Scaling", "Lcl Scaling", "A+",1.0,1.0,1.0
		}
		MultiLayer: 0
		MultiTake: 1
		Shading: Y
		Culling: "CullingOff"
		TypeFlags: "Skeleton"
	}
	Model: "Model::B-toe.L", "Limb" {
		Version: 232
		Properties60:  {
			Property: "QuaternionInterpolate", "bool", "",0
			Property: "Lcl Translation", "Lcl Translation", "A+",17.3870,0.0000,-0.0000
			Property: "Lcl Rotation", "Lcl Rotation", "A+",-178.5259,39.6885,0.6065
			Property: "Lcl Scaling", "Lcl Scaling", "A+",1.0,1.0,1.0
		}
		MultiLayer: 0
		MultiTake: 1
		Shading: Y
		Culling: "CullingOff"
		TypeFlags: "Skeleton"
	}
	Model: "Model::B-thigh.R", "Limb" {
		Version: 232
		Properties60:  {
			Property: "QuaternionInterpolate", "bool", "",0
			Property: "Lcl Translation", "Lcl Translation", "A+",-0.0000,15.3061,0.0000
			Property: "Lcl Rotation", "Lcl Rotation", "A+",-2.8331,-173.8176,-2.8304
			Property: "Lcl Scaling", "Lcl Scaling", "A+",1.0,1.0,1.0
		}
		MultiLayer: 0
		MultiTake: 1
		Shading: Y
		Culling: "CullingOff"
		TypeFlags: "Skeleton"
	}
	Model: "Model::B-shin.R", "Limb" {
		Version: 232
		Properties60:  {
			Property: "QuaternionInterpolate", "bool", "",0
			Property: "Lcl Translation", "Lcl Translation", "A+",48.2646,0.0000,0.0000
			Property: "Lcl Rotation", "Lcl Rotation", "A+",0.8827,-16.3391,-1.5363
			Property: "Lcl Scaling", "Lcl Scaling", "A+",1.0,1.0,1.0
		}
		MultiLayer: 0
		MultiTake: 1
		Shading: Y
		Culling: "CullingOff"
		TypeFlags: "Skeleton"
	}
	Model: "Model::B-foot.R", "Limb" {
		Version: 232
		Properties60:  {
			Property: "QuaternionInterpolate", "bool", "",0
			Property: "Lcl Translation", "Lcl Translation", "A+",38.6289,0.1015,0.0031
			Property: "Lcl Rotation", "Lcl Rotation", "A+",4.1328,60.5643,0.3336
			Property: "Lcl Scaling", "Lcl Scaling", "A+",1.0,1.0,1.0
		}
		MultiLayer: 0
		MultiTake: 1
		Shading: Y
		Culling: "CullingOff"
		TypeFlags: "Skeleton"
	}
	Model: "Model::B-toe.R", "Limb" {
		Version: 232
		Properties60:  {
			Property: "QuaternionInterpolate", "bool", "",0
			Property: "Lcl Translation", "Lcl Translation", "A+",17.3870,0.0000,-0.0000
			Property: "Lcl Rotation", "Lcl Rotation", "A+",178.5259,39.6885,-0.6065
			Property: "Lcl Scaling", "Lcl Scaling", "A+",1.0,1.0,1.0
		}
		MultiLayer: 0
		MultiTake: 1
		Shading: Y
		Culling: "CullingOff"
		TypeFlags: "Skeleton"
	}
	Pose: "Pose::BIND_POSES", "BindPose" {
		Type: "BindPose"
		Version: 100
		Properties60:  {
		}
		NbPoseNodes: 62
		PoseNode:  {
			Node: "Model::Rig"
			Matrix: 1.000000000000000,0.000000000000000,0.000000000000000,0.000000000000000,0.000000000000000,0.000000000000000,-1.000000000000000,0.000000000000000,0.000000000000000,1.000000000000000,0.000000000000000,0.000000000000000,0.000000000000000,0.000000000000000,0.000000000000000,1.000000000000000
		}
		PoseNode:  {
			Node: "Model::root"
			Matrix: 0.000000075497901,0.000000000000000,-1.000000000000000,0.000000000000000,-1.000000000000000,0.000000000000000,-0.000000075497901,0.000000000000000,0.000000000000000,1.000000000000000,0.000000000000000,0.000000000000000,0.000000000000000,0.000000000000000,0.000000000000000,1.000000000000000
		}
		PoseNode:  {
			Node: "Model::B-hips"
			Matrix: 0.000000075497901,1.000000000000000,0.000000000000000,0.000000000000000,-1.000000000000000,0.000000075497901,0.000000000000000,0.000000000000000,0.000000000000000,0.000000000000000,1.000000000000000,0.000000000000000,0.000000000000000,99.149002075195312,-2.388889312744141,1.000000000000000
		}
		PoseNode:  {
			Node: "Model::B-spine"
			Matrix: 0.000000075497901,1.000000000000000,-0.000000001862645,0.000000000000000,-1.000000000000000,0.000000075497901,-0.000000000000000,0.000000000000000,0.000000000000000,0.000000001862645,1.000000000000000,0.000000000000000,0.000000000000000,118.369995117187500,-2.388889312744141,1.000000000000000
		}
		PoseNode:  {
			Node: "Model::B-chest"
			Matrix: 0.000000075497901,1.000000000000000,0.000000000000000,0.000000000000000,-1.000000000000000,0.000000075497901,0.000000000000000,0.000000000000000,0.000000000000000,0.000000000000000,1.000000000000000,0.000000000000000,0.000000000000000,134.179992675781250,-2.388889312744141,1.000000000000000
		}
		PoseNode:  {
			Node: "Model::B-neck"
			Matrix: 0.000000075497901,0.983412086963654,0.181385338306427,0.000000000000000,-1.000000000000000,0.000000074245548,0.000000013694212,0.000000000000000,0.000000000000000,-0.181385338306427,0.983412086963654,0.000000000000000,0.000000000000000,161.132675170898438,-2.388889312744141,1.000000000000000
		}
		PoseNode:  {
			Node: "Model::B-head"
			Matrix: 0.000000075497901,1.000000000000000,0.000000014901161,0.000000000000000,-1.000000000000000,0.000000075497901,0.000000000000001,0.000000000000000,0.000000000000000,-0.000000014901161,0.999999940395355,0.000000000000000,0.000000000000000,172.158462524414062,-0.355239152908325,1.000000000000000
		}
		PoseNode:  {
			Node: "Model::B-jaw"
			Matrix: -0.000000075497887,-0.372824668884277,0.927901864051819,0.000000000000000,1.000000000000000,0.000000554419842,0.000000304126218,0.000000000000000,-0.000000627833003,0.927901864051819,0.372824549674988,0.000000000000000,0.000000000000000,172.497528076171875,5.538249969482422,1.000000000000000
		}
		PoseNode:  {
			Node: "Model::B-shoulder.L"
			Matrix: 0.999999642372131,-0.000662459351588,0.000000075556102,0.000000000000000,-0.000000111756172,-0.000262423360255,-0.999999880790710,0.000000000000000,0.000662459409796,0.999999701976776,-0.000262423360255,0.000000000000000,1.830000042915344,160.510009765625000,-2.388889312744141,1.000000000000000
		}
		PoseNode:  {
			Node: "Model::B-upper_arm.L"
			Matrix: 0.999504327774048,0.000517673033755,-0.031465347856283,0.000000000000000,-0.000287439004751,0.999972999095917,0.007321099750698,0.000000000000000,0.031468302011490,-0.007308429107070,0.999477803707123,0.000000000000000,21.223651885986328,154.269729614257812,-1.878017663955688,1.000000000000000
		}
		PoseNode:  {
			Node: "Model::B-forearm.L"
			Matrix: 0.999488294124603,-0.001375413499773,0.031944949179888,0.000000000000000,0.001472397358157,0.999994218349457,-0.003012611065060,0.000000000000000,-0.031940605491400,0.003058108966798,0.999484896659851,0.000000000000000,51.180992126464844,154.285247802734375,-2.821103334426880,1.000000000000000
		}
		PoseNode:  {
			Node: "Model::B-hand.L"
			Matrix: 0.998068213462830,-0.061693914234638,0.007276094518602,0.000000000000000,-0.007356454618275,-0.001075928565115,0.999972105026245,0.000000000000000,-0.061684362590313,-0.998094379901886,-0.001527702203020,0.000000000000000,76.702842712402344,154.250122070312500,-2.005391597747803,1.000000000000000
		}
		PoseNode:  {
			Node: "Model::B-palm_01.L"
			Matrix: 0.993807435035706,-0.054849922657013,0.096631161868572,0.000000000000000,-0.091069035232067,0.096166640520096,0.991190135478973,0.000000000000000,-0.063659392297268,-0.993852674961090,0.090576022863388,0.000000000000000,86.923370361328125,153.891357421875000,2.147880077362061,1.000000000000000
		}
		PoseNode:  {
			Node: "Model::B-f_index_01.L"
			Matrix: 0.948227465152740,-0.313938468694687,0.048028312623501,0.000000000000000,-0.050263129174709,0.000976859126240,0.998735427856445,0.000000000000000,-0.313588351011276,-0.949442684650421,-0.014853268861771,0.000000000000000,95.055122375488281,153.442550659179688,2.938557624816895,1.000000000000000
		}
		PoseNode:  {
			Node: "Model::B-f_index_02.L"
			Matrix: 0.977273106575012,-0.205330401659012,0.052688822150230,0.000000000000000,-0.054334990680218,-0.002383074257523,0.998519778251648,0.000000000000000,-0.204900890588760,-0.978689670562744,-0.013485562056303,0.000000000000000,98.689300537109375,152.239349365234375,3.122631311416626,1.000000000000000
		}
		PoseNode:  {
			Node: "Model::B-f_index_03.L"
			Matrix: 0.976809620857239,-0.207391187548637,0.053210571408272,0.000000000000000,-0.049311447888613,0.023928966373205,0.998496651649475,0.000000000000000,-0.208352655172348,-0.977965295314789,0.013147269375622,0.000000000000000,102.659896850585938,151.405105590820312,3.336702823638916,1.000000000000000
		}
		PoseNode:  {
			Node: "Model::B-thumb_01.L"
			Matrix: 0.314181655645370,-0.507098436355591,0.802583575248718,0.000000000000000,-0.705003619194031,-0.690805315971375,-0.160490512847900,0.000000000000000,0.635813653469086,-0.515401482582092,-0.574544727802277,0.000000000000000,87.108917236328125,151.765258789062500,5.520050048828125,1.000000000000000
		}
		PoseNode:  {
			Node: "Model::B-thumb_02.L"
			Matrix: 0.616860210895538,-0.368406504392624,0.695528268814087,0.000000000000000,-0.434303134679794,-0.896301925182343,-0.089570917189121,0.000000000000000,0.656401991844177,-0.246817529201508,-0.712893247604370,0.000000000000000,89.001548767089844,148.710494995117188,10.354816436767578,1.000000000000000
		}
		PoseNode:  {
			Node: "Model::B-thumb_03.L"
			Matrix: 0.674569010734558,-0.155777528882027,0.721588075160980,0.000000000000000,-0.382846117019653,-0.909578680992126,0.161538571119308,0.000000000000000,0.631177186965942,-0.385226339101791,-0.673212707042694,0.000000000000000,91.978836059570312,146.932373046875000,13.711797714233398,1.000000000000000
		}
		PoseNode:  {
			Node: "Model::B-palm_02.L"
			Matrix: 0.994759321212769,-0.045247104018927,0.091683954000473,0.000000000000000,-0.088679574429989,0.064455695450306,0.993972301483154,0.000000000000000,-0.050883911550045,-0.996894121170044,0.060105420649052,0.000000000000000,86.915115356445312,153.946762084960938,-1.381570339202881,1.000000000000000
		}
		PoseNode:  {
			Node: "Model::B-f_middle_01.L"
			Matrix: 0.878621637821198,-0.477120071649551,0.019490048289299,0.000000000000000,-0.012233951129019,0.018310433253646,0.999757170677185,0.000000000000000,-0.477361172437668,-0.878647267818451,0.010250870138407,0.000000000000000,95.205093383789062,153.569686889648438,-0.617507517337799,1.000000000000000
		}
		PoseNode:  {
			Node: "Model::B-f_middle_02.L"
			Matrix: 0.952641069889069,-0.303510844707489,0.018851196393371,0.000000000000000,-0.005559176206589,0.044598780572414,0.998989105224609,0.000000000000000,-0.304044872522354,-0.951783597469330,0.040799364447594,0.000000000000000,98.466934204101562,151.798400878906250,-0.545151352882385,1.000000000000000
		}
		PoseNode:  {
			Node: "Model::B-f_middle_03.L"
			Matrix: 0.956004381179810,-0.292722642421722,0.019194005057216,0.000000000000000,-0.011493110097945,0.028005050495267,0.999541342258453,0.000000000000000,-0.293125957250595,-0.955787062644958,0.023408651351929,0.000000000000000,102.470008850097656,150.523025512695312,-0.465936809778214,1.000000000000000
		}
		PoseNode:  {
			Node: "Model::B-palm_03.L"
			Matrix: 0.991642594337463,-0.128234341740608,-0.014153188094497,0.000000000000000,0.033189881592989,0.147558897733688,0.988495886325836,0.000000000000000,-0.124670684337616,-0.980704843997955,0.150581806898117,0.000000000000000,86.800041198730469,153.885559082031250,-4.003036975860596,1.000000000000000
		}
		PoseNode:  {
			Node: "Model::B-f_ring_01.L"
			Matrix: 0.879543662071228,-0.475476294755936,0.018013469874859,0.000000000000000,0.016102332621813,0.067579880356789,0.997583508491516,0.000000000000000,-0.475544750690460,-0.877128779888153,0.067095756530762,0.000000000000000,94.076904296875000,152.944549560546875,-4.106895446777344,1.000000000000000
		}
		PoseNode:  {
			Node: "Model::B-f_ring_02.L"
			Matrix: 0.946898698806763,-0.321528047323227,0.001336413784884,0.000000000000000,0.031398337334394,0.096602879464626,0.994827091693878,0.000000000000000,-0.319994002580643,-0.941959261894226,0.101568624377251,0.000000000000000,97.504379272460938,151.091674804687500,-4.036698818206787,1.000000000000000
		}
		PoseNode:  {
			Node: "Model::B-f_ring_03.L"
			Matrix: 0.947430193424225,-0.319957941770554,0.001506788423285,0.000000000000000,0.023983996361494,0.075713634490967,0.996840476989746,0.000000000000000,-0.319061189889908,-0.944401383399963,0.079407289624214,0.000000000000000,101.145271301269531,149.855377197265625,-4.031559944152832,1.000000000000000
		}
		PoseNode:  {
			Node: "Model::B-palm_04.L"
			Matrix: 0.972212433815002,-0.192031502723694,-0.133888065814972,0.000000000000000,0.151359438896179,0.079336151480675,0.985289573669434,0.000000000000000,-0.178584486246109,-0.978176534175873,0.106197409331799,0.000000000000000,86.233184814453125,153.688110351562500,-6.322287559509277,1.000000000000000
		}
		PoseNode:  {
			Node: "Model::B-f_pinky_01.L"
			Matrix: 0.847993612289429,-0.527985692024231,-0.046226900070906,0.000000000000000,0.135943397879601,0.132374957203865,0.981832861900330,0.000000000000000,-0.512274444103241,-0.838872790336609,0.184029355645180,0.000000000000000,93.299865722656250,152.292297363281250,-7.295473575592041,1.000000000000000
		}
		PoseNode:  {
			Node: "Model::B-f_pinky_02.L"
			Matrix: 0.892279803752899,-0.451355844736099,-0.010651318356395,0.000000000000000,0.100098192691803,0.174767971038818,0.979508042335510,0.000000000000000,-0.440245240926743,-0.875062048435211,0.201121926307678,0.000000000000000,96.835296630859375,150.091033935546875,-7.488201141357422,1.000000000000000
		}
		PoseNode:  {
			Node: "Model::B-f_pinky_03.L"
			Matrix: 0.900293290615082,-0.435191035270691,-0.008924359455705,0.000000000000000,0.087529979646206,0.160916224122047,0.983078837394714,0.000000000000000,-0.426391065120697,-0.885841012001038,0.182964131236076,0.000000000000000,99.422782897949219,148.782165527343750,-7.519088268280029,1.000000000000000
		}
		PoseNode:  {
			Node: "Model::B-shoulder.R"
			Matrix: -0.999999642372131,-0.000662459351588,-0.000000075439686,0.000000000000000,-0.000000262751911,0.000262423243839,0.999999880790710,0.000000000000000,-0.000662459409796,0.999999701976776,-0.000262423360255,0.000000000000000,-1.830000042915344,160.510009765625000,-2.388889312744141,1.000000000000000
		}
		PoseNode:  {
			Node: "Model::B-upper_arm.R"
			Matrix: -0.999504327774048,0.000517824024428,-0.031465347856283,0.000000000000000,-0.000287589937216,-0.999972999095917,-0.007321104407310,0.000000000000000,-0.031468302011490,-0.007308429107070,0.999477803707123,0.000000000000000,-21.223651885986328,154.269729614257812,-1.878017663955688,1.000000000000000
		}
		PoseNode:  {
			Node: "Model::B-forearm.R"
			Matrix: -0.999488294124603,-0.001375262392685,0.031944949179888,0.000000000000000,0.001472246483900,-0.999994218349457,0.003012615721673,0.000000000000000,0.031940605491400,0.003058108966798,0.999484896659851,0.000000000000000,-51.180992126464844,154.285247802734375,-2.821103334426880,1.000000000000000
		}
		PoseNode:  {
			Node: "Model::B-hand.R"
